grp,pp,S,ID,peakVel,MT,accTime,decTime,accQ,IPerf,IPerfEf,Harmonicity,f,vfTrajCircularity,vfCircularity,q1,q2,q3,q4,maxangle
1,2,1,1,0.85502,0.443,0.199,0.2405,0.44773,5.8683,7.8551,1,1.0696,0.85027,0.16882,0.86174,0.81753,0.86022,0.85465,1.3335
1,2,1,1,0.84891,0.3545,0.179,0.1785,0.49719,7.3328,10.407,1,1.4361,0.84462,0.1287,0.85123,0.85746,0.81973,0.83591,0.96617
1,2,1,1,0.88395,0.3325,0.1705,0.1665,0.50781,7.8181,10.206,1,1.5259,0.86326,0.14821,0.88033,0.90027,0.8235,0.84133,0.92101
1,2,1,2,0.63605,1.326,0.462,0.8635,0.35282,4.0135,4.1526,0.13983,0.39062,0.60709,0.50264,0.7484,0.53325,0.79153,0.50797,3.1416
1,2,1,2,0.63113,1.365,0.4535,0.921,0.33009,3.899,4.0229,0.087409,0.36439,0.62843,0.43741,0.73417,0.54298,0.76312,0.55369,3.1098
1,2,1,2,0.69618,1.246,0.409,0.849,0.32899,4.2712,4.6568,0.086737,0.39438,0.61273,0.43703,0.82664,0.52953,0.76765,0.57575,2.2124
1,2,2,1,0.78971,0.173,0.092,0.085,0.51481,15.026,13.857,1,2.9297,0.82524,0.12889,0.84216,0.75532,0.66309,0.82502,0.51391
1,2,2,1,0.869,0.2055,0.1055,0.098,0.51405,12.65,17.355,1,2.4414,0.85664,0.12112,0.85672,0.91278,0.81561,0.82589,0.57172
1,2,2,1,0.79913,0.174,0.0895,0.085,0.5141,14.939,20.077,1,2.8076,0.79638,0.13399,0.76527,0.79592,0.81821,0.80137,0.20881
1,2,2,2,0.79001,0.7905,0.223,0.583,0.27991,6.7324,7.0033,0.050915,0.64248,0.61586,0.46202,0.92991,0.62997,0.87019,0.57126,3.1416
1,2,2,2,0.76104,0.7145,0.183,0.5235,0.2659,7.4485,7.2505,0.056589,0.71023,0.64127,0.35821,0.91713,0.56823,0.81159,0.60168,1.5316
1,2,2,2,0.53548,0.6935,0.1915,0.506,0.28264,7.674,7.4166,0.060543,0.71806,0.61681,0.55318,0.68368,0.5395,0.65072,0.55983,1.6834
1,2,3,1,0.80305,0.1895,0.1005,0.101,0.5194,13.718,17.741,1,2.6367,0.80248,0.10565,0.79413,0.89761,0.86976,0.77233,0.49812
1,2,3,1,0.82328,0.159,0.083,0.0775,0.51726,16.349,20.8,1,3.2959,0.81762,0.15118,0.80804,0.78849,0.81659,0.83293,0.51538
1,2,3,1,0.83251,0.1805,0.0955,0.0915,0.5292,14.402,15.764,1,2.6042,0.81529,0.12114,0.88968,0.85283,0.79197,0.81391,0.37115
1,2,3,2,0.67684,0.8295,0.224,0.592,0.261,6.4158,6.3974,0.051094,0.56152,0.61304,0.42527,0.86812,0.5544,0.75747,0.58708,3.1416
1,2,3,2,0.79328,0.749,0.228,0.5235,0.30033,7.1054,7.5071,0.037758,0.65104,0.68343,0.36507,0.91593,0.60179,0.88142,0.66149,2.1706
1,2,3,2,0.82754,0.71,0.197,0.505,0.28046,7.4957,7.6755,0.03294,0.71023,0.66889,0.36966,0.9433,0.61419,0.89402,0.61046,3.1416
1,3,1,1,0.82847,0.5715,0.221,0.3475,0.38946,4.5487,5.9545,1,0.86806,0.80701,0.20766,0.84238,0.82756,0.87334,0.73304,1.1856
1,3,1,1,0.85282,0.389,0.177,0.214,0.45455,6.6824,7.9778,1,1.3021,0.83233,0.15444,0.83619,0.86298,0.86216,0.75474,0.87992
1,3,1,1,0.90603,0.3605,0.1645,0.1945,0.47034,7.2107,9.5576,1,1.3787,0.88914,0.18153,0.87068,0.91884,0.888,0.76875,0.9681
1,3,1,2,0.84674,1.287,0.4675,0.816,0.37589,4.1352,4.2359,0.065868,0.3756,0.77316,0.32826,0.92403,0.72966,0.8992,0.68511,3.1416
1,3,1,2,0.88008,1.07,0.434,0.6145,0.41287,4.9738,5.0139,0.059188,0.47871,0.83318,0.28175,0.8818,0.7888,0.92178,0.76142,3.1416
1,3,1,2,0.82693,1.308,0.478,0.822,0.36761,4.0697,4.3608,0.086222,0.38297,0.77695,0.31399,0.91857,0.75094,0.90509,0.67493,3.1416
1,3,2,1,0.89696,0.3475,0.171,0.1785,0.4795,7.4805,9.3842,1,1.4936,0.8567,0.17335,0.82835,0.86342,0.88723,0.83369,1.3218
1,3,2,1,0.90615,0.3295,0.1585,0.1655,0.49209,7.8893,10.296,1,1.5625,0.91821,0.16455,0.84064,0.93664,0.91683,0.81525,0.86738
1,3,2,1,0.91927,0.333,0.165,0.168,0.49102,7.8062,8.9848,1,1.4974,0.90041,0.1831,0.87096,0.96528,0.9022,0.78448,0.74927
1,3,2,2,0.75112,0.992,0.417,0.571,0.43275,5.3648,5.2342,0.1233,0.49867,0.738,0.27841,0.78967,0.67314,0.81595,0.72799,3.1416
1,3,2,2,0.8422,1.0015,0.3765,0.61,0.38157,5.314,5.3876,0.1084,0.48828,0.81794,0.2675,0.87477,0.72923,0.93045,0.78965,1.378
1,3,2,2,0.8627,0.972,0.358,0.6115,0.38155,5.4752,5.1004,0.063137,0.52235,0.84471,0.25419,0.87751,0.77095,0.94355,0.78096,1.5708
1,3,3,1,0.88612,0.294,0.1485,0.153,0.49465,8.8417,12.584,1,1.7439,0.85947,0.1226,0.84875,0.90479,0.86673,0.8501,0.98839
1,3,3,1,0.80104,0.265,0.138,0.1305,0.52298,9.8094,13.548,1,1.8029,0.79979,0.11443,0.8185,0.8627,0.81195,0.76613,0.9644
1,3,3,1,0.88415,0.263,0.133,0.133,0.50169,9.8839,13.018,1,1.9531,0.8663,0.10566,0.85115,0.87705,0.87033,0.8505,0.79616
1,3,3,2,0.85677,1.0055,0.442,0.563,0.43812,5.2929,5.4619,0.14475,0.49825,0.83837,0.21941,0.86254,0.79955,0.90243,0.80929,3.1172
1,3,3,2,0.78016,1.0915,0.4755,0.582,0.44952,4.8758,4.9994,0.15582,0.47871,0.79358,0.23645,0.81894,0.75879,0.86301,0.7552,3.1416
1,3,3,2,0.87638,1.097,0.5045,0.607,0.4483,4.8514,4.8642,0.1514,0.45211,0.84054,0.23278,0.8732,0.8184,0.90125,0.75708,3.1416
1,6,1,1,0.7243,0.9145,0.3835,0.54,0.41408,2.8425,3.3872,0.21307,0.561,0.74736,0.24856,0.84866,0.69143,0.716,0.73472,1.9009
1,6,1,1,0.76356,0.745,0.2995,0.442,0.41363,3.4895,5.0472,0.28219,0.67817,0.78206,0.18651,0.84996,0.77404,0.78157,0.7427,1.2028
1,6,1,1,0.89965,0.679,0.29,0.389,0.4242,3.8284,5.571,1,0.73242,0.8732,0.18353,0.94088,0.86584,0.87134,0.81802,1.1587
1,6,1,2,0.85945,1.277,0.4855,0.8145,0.36774,4.1675,4.3983,0.10341,0.36058,0.83114,0.2932,0.92121,0.77548,0.9209,0.76605,2.3518
1,6,1,2,0.73681,1.332,0.502,0.853,0.37435,3.9954,4.0987,0.1075,0.36058,0.77919,0.34081,0.85298,0.69715,0.85371,0.70321,1.8001
1,6,1,2,0.74581,1.293,0.4845,0.7745,0.38114,4.116,4.1536,0.11518,0.36227,0.77383,0.2901,0.82388,0.70465,0.87478,0.7392,3.1416
1,6,2,1,0.84467,0.604,0.291,0.315,0.4791,4.3038,6.2651,1,0.80819,0.8452,0.16847,0.8659,0.84962,0.8496,0.82541,1.3168
1,6,2,1,0.81803,0.573,0.272,0.305,0.47643,4.5366,6.6002,1,0.86806,0.82497,0.17609,0.8343,0.81754,0.83744,0.80656,1.1634
1,6,2,1,0.84683,0.566,0.267,0.306,0.46542,4.5927,5.8423,1,0.86806,0.84223,0.19139,0.83568,0.86533,0.82923,0.77592,1.1396
1,6,2,2,0.83987,1.258,0.461,0.7975,0.36356,4.2305,4.5784,0.091794,0.40303,0.78691,0.31442,0.90725,0.71739,0.91888,0.74918,3.1416
1,6,2,2,0.83857,1.175,0.4555,0.707,0.38319,4.5293,5.0563,0.095963,0.42969,0.81476,0.3172,0.9267,0.77488,0.91289,0.75528,2.8452
1,6,2,2,0.85811,1.123,0.4285,0.703,0.38327,4.739,5.2599,0.088539,0.43846,0.81625,0.28858,0.91424,0.77251,0.89902,0.75993,2.4297
1,6,3,1,0.87009,0.594,0.282,0.315,0.47276,4.3762,6.9181,1,0.83705,0.85847,0.18195,0.881,0.86634,0.86562,0.837,1.2867
1,6,3,1,0.87858,0.572,0.262,0.304,0.46043,4.5445,7.2518,1,0.86806,0.86649,0.22341,0.88621,0.82858,0.8768,0.88283,1.2801
1,6,3,1,0.89814,0.5545,0.2695,0.2815,0.48315,4.688,6.9027,1,0.90422,0.87368,0.17352,0.85289,0.83702,0.90191,0.88792,1.3278
1,6,3,2,0.878,1.0935,0.424,0.6805,0.37994,4.8669,5.4154,0.066933,0.46064,0.83522,0.33107,0.92828,0.76843,0.92484,0.8077,2.0387
1,6,3,2,0.86367,1.078,0.4175,0.667,0.38266,4.9369,5.6309,0.059837,0.4695,0.84412,0.32512,0.92729,0.75341,0.91691,0.79678,3.1416
1,6,3,2,0.87579,1.076,0.431,0.634,0.40404,4.946,5.3915,0.070842,0.45711,0.84331,0.30068,0.92848,0.81008,0.89927,0.8,1.5708
1,8,1,1,0.89012,0.348,0.178,0.172,0.50578,7.4697,8.345,1,1.4361,0.88665,0.13258,0.90785,0.81978,0.79331,0.92391,1.0215
1,8,1,1,0.9298,0.2485,0.143,0.117,0.54795,10.461,10.211,1,2.0345,0.89832,0.18237,0.7779,0.89364,0.94017,0.88453,1.0836
1,8,1,1,0.85595,0.241,0.135,0.107,0.5506,10.786,12.723,1,2.0419,0.84735,0.14873,0.76441,0.88318,0.86765,0.85279,0.86832
1,8,1,2,0.77239,1.101,0.339,0.774,0.31225,4.8337,4.9779,0.057031,0.44178,0.75095,0.34432,0.90851,0.69643,0.82664,0.66979,3.1416
1,8,1,2,0.80811,1.108,0.3525,0.725,0.33608,4.8032,5.0536,0.047945,0.46609,0.75405,0.36416,0.93312,0.74935,0.86515,0.64277,3.1416
1,8,1,2,0.7921,1.146,0.386,0.752,0.35568,4.6439,4.8983,0.045525,0.44389,0.75529,0.26593,0.92566,0.73737,0.85619,0.67184,2.8098
1,8,2,1,0.89888,0.193,0.1055,0.093,0.52931,13.469,15.712,1,2.6042,0.87251,0.12672,0.78269,0.88101,0.91832,0.8412,0.68073
1,8,2,1,0.89007,0.1845,0.0995,0.085,0.53837,14.089,16.406,1,2.6855,0.88252,0.095707,0.84338,0.78849,0.90309,0.87376,0.53134
1,8,2,1,0.88676,0.19,0.101,0.089,0.54242,13.681,16.232,1,2.6042,0.8321,0.1281,0.78089,0.88538,0.89174,0.87473,0.57254
1,8,2,2,0.73675,1.139,0.374,0.7625,0.33553,4.6725,4.9,0.081646,0.41853,0.75292,0.32687,0.81023,0.66713,0.87458,0.70235,3.1416
1,8,2,2,0.85611,1.1245,0.368,0.7735,0.33045,4.7328,5.1408,0.048978,0.42614,0.7854,0.36382,0.89786,0.70445,0.95028,0.75354,1.5651
1,8,2,2,0.79026,1.202,0.386,0.805,0.33028,4.4276,4.5798,0.069394,0.41016,0.78514,0.31988,0.87387,0.71424,0.88641,0.69749,2.1831
1,8,3,1,0.92817,0.191,0.102,0.09,0.5102,13.61,14.116,1,2.6042,0.89272,0.13949,0.78827,0.93128,0.90109,0.90766,0.66607
1,8,3,1,0.91897,0.167,0.088,0.0755,0.54051,15.566,18.085,1,3.0518,0.90373,0.13241,0.85827,0.9292,0.90858,0.85267,0.6993
1,8,3,1,0.91774,0.1645,0.082,0.0745,0.52315,15.802,14.831,1,3.0692,0.87669,0.10612,0.8498,0.90229,0.90757,0.87171,0.40574
1,8,3,2,0.77193,1.022,0.342,0.684,0.33438,5.2074,5.2684,0.065349,0.47832,0.77619,0.35416,0.82675,0.6887,0.89368,0.69772,1.5708
1,8,3,2,0.88967,0.9735,0.3385,0.643,0.34996,5.4668,5.4663,0.084702,0.50863,0.86146,0.31073,0.92702,0.79533,0.94667,0.76866,1.5468
1,8,3,2,0.83269,1.02,0.362,0.643,0.35621,5.2176,5.2729,0.058041,0.48828,0.79981,0.2859,0.87109,0.74504,0.89052,0.7368,1.6516
1,9,1,1,0.86552,0.6295,0.28,0.359,0.43663,4.1294,5.6312,0.29542,0.8138,0.82439,0.21537,0.83448,0.82967,0.85113,0.75544,1.4836
1,9,1,1,0.83944,0.501,0.235,0.265,0.4713,5.1886,6.95,1,0.97656,0.77004,0.17902,0.79583,0.73296,0.76611,0.76625,1.2341
1,9,1,1,0.88463,0.397,0.205,0.196,0.50235,6.5478,8.1122,1,1.2478,0.84921,0.17661,0.83711,0.8503,0.80358,0.8602,1.1749
1,9,1,2,0.83404,1.0055,0.383,0.6005,0.38192,5.293,4.8971,0.093055,0.49867,0.82858,0.27076,0.90095,0.74816,0.88503,0.7917,1.6629
1,9,1,2,0.71919,1.155,0.43,0.738,0.37973,4.6077,4.2546,0.096071,0.42614,0.72849,0.27832,0.81451,0.66231,0.80474,0.67612,1.5708
1,9,1,2,0.86789,1.14,0.395,0.718,0.34671,4.6684,4.6373,0.14828,0.44041,0.84096,0.29655,0.93285,0.77641,0.9268,0.76346,1.3541
1,9,2,1,0.84451,0.2875,0.1535,0.135,0.53457,9.0416,10.072,1,1.7278,0.8458,0.17107,0.77513,0.93426,0.84576,0.7752,0.95821
1,9,2,1,0.81826,0.265,0.14,0.127,0.52788,9.8093,10.882,1,1.8717,0.82123,0.16379,0.79917,0.91463,0.81653,0.73697,1.0017
1,9,2,1,0.88772,0.262,0.1405,0.124,0.53385,9.9216,11.839,1,1.8717,0.86762,0.15992,0.81623,0.95832,0.87772,0.80854,0.83448
1,9,2,2,0.74401,1.0095,0.33,0.66,0.33442,5.2718,5.3882,0.038923,0.49964,0.7414,0.34659,0.8699,0.65667,0.84992,0.70718,1.8037
1,9,2,2,0.83194,1.093,0.352,0.701,0.33628,4.8691,5.0116,0.086741,0.45422,0.7875,0.3053,0.89176,0.70249,0.92935,0.73548,1.5083
1,9,2,2,0.8647,1.013,0.328,0.691,0.31925,5.2536,5.6487,0.066287,0.47789,0.82192,0.329,0.93778,0.7342,0.94925,0.76626,1.5083
1,9,3,1,0.79519,0.245,0.126,0.119,0.50661,10.61,11.769,1,2.0419,0.81283,0.14475,0.75955,0.85304,0.83583,0.75288,0.85583
1,9,3,1,0.89118,0.2415,0.124,0.117,0.5125,10.764,11.645,1,2.1307,0.86853,0.23167,0.82305,0.90585,0.86968,0.83599,0.9745
1,9,3,1,0.8907,0.225,0.114,0.111,0.51308,11.553,15.563,1,2.2461,0.87363,0.14311,0.87485,0.90717,0.85765,0.82685,0.92292
1,9,3,2,0.81426,0.975,0.343,0.626,0.35962,5.4584,5.5986,0.15021,0.5008,0.7907,0.27794,0.88752,0.74371,0.87977,0.71385,1.5708
1,9,3,2,0.82157,0.9805,0.353,0.6265,0.36215,5.4278,5.2941,0.11686,0.48828,0.78028,0.30644,0.8847,0.69757,0.88232,0.75544,1.5708
1,9,3,2,0.87312,0.867,0.309,0.552,0.35824,6.1383,5.9798,0.15456,0.58129,0.83757,0.29793,0.92257,0.76492,0.92211,0.79533,1.5167
2,1,1,1,0.75434,0.362,0.156,0.2045,0.43484,7.1808,8.7087,1,1.4361,0.76195,0.17597,0.80082,0.73367,0.78045,0.75559,1.0063
2,1,1,1,0.77783,0.349,0.149,0.193,0.43195,7.4483,8.6604,1,1.4038,0.79956,0.17178,0.80024,0.76676,0.82372,0.78304,0.97758
2,1,1,1,0.85666,0.3295,0.1505,0.185,0.44646,7.8893,8.4637,1,1.4648,0.84266,0.1778,0.86618,0.79827,0.85616,0.84265,0.86324
2,1,1,2,0.86348,1.1715,0.363,0.8115,0.30587,4.5428,4.3836,0.066179,0.41118,0.77504,0.33926,0.92723,0.71219,0.91765,0.70793,2.0306
2,1,1,2,0.8446,1.073,0.323,0.738,0.30462,4.9599,4.6677,0.088399,0.46503,0.78601,0.33103,0.9148,0.72761,0.91062,0.72216,1.3738
2,1,1,2,0.8407,1.1335,0.342,0.783,0.311,4.6952,4.4406,0.085991,0.4534,0.79129,0.34657,0.91773,0.72802,0.90923,0.71167,3.1135
2,1,2,1,0.9013,0.189,0.1,0.096,0.49731,13.754,15.248,1,2.7127,0.88817,0.12557,0.88204,0.90823,0.9217,0.86961,0.55039
2,1,2,1,0.8905,0.173,0.096,0.082,0.53611,15.026,18.784,1,2.9297,0.85671,0.093382,0.78499,0.78849,0.88254,0.84567,0.51883
2,1,2,1,0.88877,0.226,0.116,0.108,0.53247,11.502,13.507,1,2.3438,0.88618,0.10172,0.84768,0.90345,0.91065,0.83553,0.57219
2,1,2,2,0.8991,1.2015,0.3565,0.8555,0.29985,4.4294,4.6152,0.049946,0.4138,0.83069,0.36439,0.97251,0.76942,0.96051,0.74912,1.5708
2,1,2,2,0.81357,1.161,0.3455,0.832,0.298,4.5839,4.7299,0.079993,0.42832,0.80115,0.35895,0.93192,0.70805,0.92611,0.70682,1.5108
2,1,2,2,0.85536,1.185,0.36,0.8215,0.31332,4.4911,4.5539,0.071096,0.43194,0.78235,0.30672,0.92356,0.76772,0.91116,0.70117,1.5708
2,1,3,1,0.91705,0.302,0.148,0.16,0.47692,8.6075,11.557,1,1.6741,0.88751,0.18447,0.88341,0.91729,0.91827,0.86625,1.0484
2,1,3,1,0.85951,0.234,0.1175,0.1155,0.49663,11.109,14.198,1,2.1307,0.86441,0.16121,0.87769,0.88308,0.84503,0.83673,0.86675
2,1,3,1,0.88768,0.2385,0.116,0.1255,0.49445,10.899,12.637,1,2.1307,0.88534,0.1253,0.91031,0.90718,0.86915,0.85432,0.86525
2,1,3,2,0.77746,1.236,0.3735,0.8455,0.30629,4.3058,4.7985,0.08789,0.4138,0.81563,0.3934,0.94876,0.754,0.87862,0.69157,2.3252
2,1,3,2,0.75271,1.13,0.3695,0.7605,0.32379,4.7098,4.8702,0.086249,0.45211,0.77077,0.31965,0.84657,0.69075,0.89435,0.71589,1.509
2,1,3,2,0.90305,1.0755,0.379,0.7155,0.35549,4.9483,4.8514,0.10424,0.45711,0.86643,0.32874,0.93024,0.80227,0.97874,0.80544,1.5708
2,4,1,1,0.77148,0.358,0.16,0.197,0.45666,7.2611,9.7946,1,1.2638,0.76134,0.17327,0.78685,0.79567,0.79061,0.71219,1.2318
2,4,1,1,0.81994,0.268,0.1325,0.1425,0.4835,9.6995,11.223,1,1.878,0.82825,0.16518,0.82575,0.87804,0.84906,0.77422,0.891
2,4,1,1,0.8566,0.2795,0.141,0.1455,0.48743,9.3004,10.028,1,1.8029,0.85038,0.16069,0.77734,0.91025,0.91135,0.74184,0.7314
2,4,1,2,0.81616,1.1035,0.298,0.8005,0.27572,4.8228,4.9466,0.05786,0.44222,0.80888,0.40592,0.928,0.66546,0.91251,0.63294,3.1416
2,4,1,2,0.80705,1.032,0.292,0.7495,0.28153,5.1569,5.2169,0.085184,0.46875,0.75813,0.37832,0.92616,0.71366,0.89998,0.65825,1.5708
2,4,1,2,0.87264,1.185,0.299,0.87,0.25917,4.4911,4.4316,0.07999,0.42126,0.76511,0.42256,0.96118,0.74652,0.9295,0.66415,1.4832
2,4,2,1,0.85527,0.278,0.139,0.141,0.49564,9.3507,11.744,1,1.8029,0.84916,0.15553,0.83674,0.9592,0.86767,0.8089,0.97836
2,4,2,1,0.8423,0.204,0.1065,0.1005,0.51392,12.743,17.131,1,2.5391,0.85467,0.10606,0.88431,0.87265,0.81098,0.86847,0.87483
2,4,2,1,0.87101,0.21,0.1125,0.1025,0.53787,12.378,17.158,1,2.4414,0.86199,0.12521,0.84667,0.90164,0.85583,0.8473,0.82962
2,4,2,2,0.82799,1.191,0.345,0.828,0.29578,4.4685,4.4324,0.092631,0.42832,0.76241,0.35296,0.95571,0.75212,0.8765,0.70944,1.4847
2,4,2,2,0.87538,1.176,0.3325,0.837,0.2843,4.5255,4.813,0.10211,0.42614,0.8064,0.42127,0.98281,0.79753,0.93692,0.70463,1.5708
2,4,2,2,0.88936,1.21,0.3305,0.87,0.27907,4.3983,4.6693,0.068787,0.42093,0.74833,0.44667,0.9876,0.73253,0.93743,0.68837,1.4735
2,4,3,1,0.86159,0.272,0.1405,0.14,0.50191,9.5568,11.036,1,1.878,0.84046,0.15609,0.79478,0.92355,0.84318,0.78682,0.97872
2,4,3,1,0.89542,0.233,0.1215,0.116,0.51972,11.156,13.042,1,2.1307,0.85367,0.16107,0.82225,0.94685,0.89118,0.81836,0.86877
2,4,3,1,0.87304,0.234,0.124,0.119,0.50934,11.109,14.608,1,2.1307,0.86832,0.14307,0.84883,0.9207,0.85022,0.82441,0.75257
2,4,3,2,0.76332,1.196,0.357,0.826,0.32221,4.4498,4.5752,0.10284,0.40838,0.79316,0.32763,0.91561,0.771,0.87817,0.67635,1.5708
2,4,3,2,0.90667,1.169,0.3735,0.7835,0.34075,4.5528,4.8798,0.12765,0.43846,0.8595,0.38059,0.96784,0.86081,0.95555,0.74091,2.1495
2,4,3,2,0.88073,1.1875,0.3605,0.822,0.30561,4.4816,4.8236,0.10972,0.41853,0.82832,0.38404,0.96399,0.80064,0.95543,0.716,1.5708
2,5,1,1,0.81731,0.565,0.293,0.282,0.50607,4.6008,6.0085,1,0.97656,0.76923,0.19001,0.78511,0.78791,0.74996,0.73939,1.4263
2,5,1,1,0.87001,0.481,0.241,0.232,0.51044,5.4045,7.6313,1,1.019,0.86392,0.14871,0.8789,0.90593,0.83653,0.83063,0.96759
2,5,1,1,0.89765,0.475,0.24,0.237,0.50682,5.4726,7.1437,1,1.0653,0.84902,0.1651,0.8484,0.86239,0.82858,0.84794,1.1077
2,5,1,2,0.80138,1.44,0.52,0.92,0.36671,3.6958,3.7609,0.11489,0.35383,0.7511,0.33874,0.8853,0.72528,0.85879,0.67993,1.8427
2,5,1,2,0.84388,1.385,0.4735,0.9065,0.34282,3.8425,4.0685,0.10208,0.36991,0.80131,0.34868,0.93778,0.73779,0.90618,0.74637,3.1416
2,5,1,2,0.81471,1.323,0.424,0.88,0.33277,4.0226,4.1979,0.11117,0.36621,0.75826,0.34408,0.91047,0.71064,0.9111,0.68938,2.6356
2,5,2,1,0.82779,0.316,0.1605,0.153,0.51266,8.2261,10.707,1,1.5625,0.82057,0.15172,0.76501,0.87596,0.84422,0.77352,1.0468
2,5,2,1,0.87236,0.34,0.1655,0.1725,0.49319,7.6455,9.5729,1,1.4648,0.88931,0.15753,0.84498,0.92665,0.90284,0.81588,1.2614
2,5,2,1,0.86991,0.3325,0.161,0.167,0.49335,7.8184,11.433,1,1.4974,0.86153,0.12456,0.85176,0.88231,0.86097,0.82011,1.0597
2,5,2,2,0.69565,1.173,0.3665,0.8055,0.30891,4.5371,4.7293,0.080284,0.43777,0.72276,0.34241,0.79,0.63769,0.80052,0.67948,1.5708
2,5,2,2,0.80251,1.0625,0.359,0.7175,0.33243,5.0089,5.1563,0.05187,0.47907,0.75262,0.25697,0.88952,0.71667,0.87395,0.673,1.671
2,5,2,2,0.81104,1.013,0.351,0.6565,0.36317,5.2537,5.5846,0.099161,0.47743,0.7958,0.27316,0.90364,0.77637,0.89844,0.70896,1.4522
2,5,3,1,0.89062,0.3145,0.1545,0.1555,0.49765,8.2654,12.387,1,1.6276,0.88102,0.14216,0.84338,0.87637,0.88978,0.86161,0.92275
2,5,3,1,0.89256,0.287,0.144,0.142,0.50088,9.0574,12.28,1,1.7278,0.87303,0.12336,0.83352,0.90786,0.90176,0.85675,1.0024
2,5,3,1,0.89692,0.278,0.143,0.1375,0.51006,9.3507,10.133,1,1.8029,0.86704,0.1603,0.76203,0.88041,0.89777,0.86399,0.95643
2,5,3,2,0.82887,1.002,0.307,0.694,0.31395,5.3113,5.8155,0.083698,0.51153,0.79892,0.32241,0.92684,0.71877,0.92611,0.71047,2.02
2,5,3,2,0.85853,0.9595,0.32,0.651,0.32661,5.5466,5.7539,0.13251,0.49867,0.83753,0.32495,0.91591,0.74789,0.92759,0.73725,1.5708
2,5,3,2,0.8577,1.103,0.327,0.789,0.29521,4.825,5.2314,0.090494,0.44759,0.85807,0.35497,0.93331,0.72539,0.96513,0.72813,1.5708
2,7,1,1,0.81782,0.283,0.147,0.139,0.52355,9.1854,9.7593,1,1.237,0.81223,0.15426,0.80113,0.91715,0.81291,0.7771,0.92717
2,7,1,1,0.76239,0.3095,0.1565,0.1505,0.52381,8.3989,9.1438,1,1.6927,0.75941,0.16143,0.76671,0.84066,0.73113,0.72375,1.0585
2,7,1,1,0.84994,0.354,0.18,0.17,0.51648,7.3431,8.0484,1,1.3787,0.80048,0.1824,0.82405,0.8837,0.75409,0.789,1.1941
2,7,1,2,0.77468,1.6425,0.6125,1.0395,0.37821,3.2401,3.2192,0.39405,0.28076,0.74104,0.38426,0.93141,0.67295,0.8048,0.70056,2.6715
2,7,1,2,0.69392,1.4145,0.4895,0.9075,0.35776,3.7624,3.9334,0.23511,0.37339,0.71616,0.36289,0.83007,0.63052,0.80946,0.61858,3.1416
2,7,1,2,0.83943,1.4875,0.497,0.9695,0.34425,3.5778,3.5401,0.18792,0.31196,0.77987,0.35368,0.93228,0.72408,0.90905,0.68879,2.7553
2,7,2,1,0.818,0.2795,0.1385,0.1395,0.5,9.3004,11.228,1,1.8834,0.8255,0.14906,0.81334,0.93247,0.81455,0.76563,1.1435
2,7,2,1,0.85225,0.3075,0.1575,0.1505,0.50959,8.4536,8.6143,1,1.6276,0.81472,0.22205,0.85665,0.89489,0.79488,0.74418,1.0777
2,7,2,1,0.86212,0.281,0.1445,0.139,0.5092,9.2508,11.554,1,1.8029,0.86053,0.1441,0.85668,0.89224,0.85839,0.81847,0.95364
2,7,2,2,0.8426,1.187,0.4045,0.779,0.34399,4.4835,4.6766,0.076179,0.42379,0.78922,0.33986,0.92852,0.72079,0.886,0.73682,1.5708
2,7,2,2,0.80246,1.187,0.417,0.795,0.34824,4.4835,4.9617,0.069453,0.40537,0.80706,0.32424,0.92842,0.72698,0.89128,0.75682,3.1416
2,7,2,2,0.87124,1.1035,0.4045,0.7145,0.35897,4.8228,5.3388,0.15849,0.43403,0.83093,0.33415,0.98477,0.79585,0.89048,0.77703,3.1416
2,7,3,1,0.80799,0.2585,0.1295,0.127,0.50915,10.056,13.195,1,1.8717,0.81921,0.11915,0.84921,0.86402,0.79508,0.78225,0.65246
2,7,3,1,0.82458,0.2225,0.115,0.1095,0.52013,11.684,16.677,1,2.2461,0.82482,0.15556,0.83522,0.86431,0.82236,0.81714,1.0783
2,7,3,1,0.83678,0.2225,0.1155,0.109,0.51519,11.683,15.01,1,2.2461,0.84068,0.10204,0.82057,0.87077,0.84354,0.82266,0.75912
2,7,3,2,0.80065,1.118,0.4,0.72,0.37112,4.7602,5.064,0.083672,0.43634,0.79373,0.30037,0.88043,0.76252,0.86948,0.71389,3.1416
2,7,3,2,0.78681,1.108,0.4105,0.702,0.37481,4.8032,5.2089,0.085635,0.44222,0.76804,0.30253,0.87296,0.76343,0.84691,0.69946,3.1416
2,7,3,2,0.67409,0.9945,0.3665,0.633,0.36511,5.3514,5.8837,0.065966,0.51945,0.70476,0.30806,0.78107,0.65797,0.76949,0.64944,2.5058
2,10,1,1,0.76442,0.751,0.355,0.393,0.46594,3.4614,4.9103,0.26151,0.67817,0.78888,0.19616,0.79576,0.7742,0.80681,0.77633,1.4347
2,10,1,1,0.86658,0.6035,0.2875,0.3275,0.47238,4.3073,5.7022,1,0.83189,0.8418,0.16137,0.85984,0.81801,0.84086,0.82517,1.1839
2,10,1,1,0.87286,0.5965,0.289,0.314,0.47623,4.3579,4.9614,1,0.84186,0.84794,0.2142,0.88621,0.8069,0.83156,0.86806,1.141
2,10,1,2,0.75958,1.113,0.392,0.711,0.37003,4.7816,4.7686,0.07039,0.44582,0.77535,0.31692,0.89979,0.75139,0.84311,0.69917,1.5143
2,10,1,2,0.77729,1.083,0.437,0.656,0.40526,4.9141,4.5484,0.12398,0.46064,0.80915,0.32094,0.89078,0.751,0.85213,0.7603,1.776
2,10,1,2,0.86275,1.283,0.507,0.8245,0.3692,4.1481,4.0941,0.077233,0.36621,0.8422,0.29697,0.96274,0.80723,0.88101,0.767,3.1416
2,10,2,1,0.83195,0.549,0.2435,0.303,0.44314,4.735,6.0408,0.65543,0.89844,0.83877,0.17295,0.84488,0.72852,0.87248,0.86796,1.2437
2,10,2,1,0.86045,0.518,0.2345,0.2825,0.45158,5.0183,6.9083,1,0.97656,0.81709,0.15506,0.7972,0.76626,0.88133,0.83622,1.2763
2,10,2,1,0.82317,0.538,0.245,0.286,0.45636,4.8317,7.6768,1,0.9375,0.82829,0.22259,0.80008,0.75403,0.89895,0.87524,1.2812
2,10,2,2,0.76121,1.582,0.486,1.079,0.32669,3.3641,4.025,0.061686,0.2917,0.73009,0.3984,0.95541,0.73581,0.77892,0.61065,2.6784
2,10,2,2,0.74775,1.515,0.4585,1.05,0.30151,3.5128,4.1389,0.044509,0.33031,0.73936,0.38325,0.95627,0.72771,0.77044,0.58232,3.1416
2,10,2,2,0.62573,1.442,0.441,0.976,0.31672,3.6907,4.0925,0.052013,0.3155,0.63557,0.43138,0.79193,0.59251,0.69146,0.5831,2.1776
2,10,3,1,0.90046,0.542,0.218,0.316,0.41056,4.7961,7.922,0.4661,0.93587,0.87237,0.22732,0.89836,0.83197,0.9417,0.85004,1.2529
2,10,3,1,0.87203,0.474,0.203,0.272,0.41418,5.4841,8.8922,1,1.0653,0.83638,0.19369,0.8575,0.80441,0.86835,0.80589,1.146
2,10,3,1,0.90104,0.4905,0.208,0.282,0.42001,5.2996,7.9331,0.44926,1.021,0.88384,0.19314,0.91718,0.83603,0.90587,0.85469,1.2504
2,10,3,2,0.74708,1.0805,0.319,0.7595,0.30229,4.9256,5.7199,0.037505,0.45956,0.65084,0.34649,0.87131,0.61079,0.89291,0.61111,3.0078
2,10,3,2,0.83093,1.0195,0.3155,0.7085,0.30595,5.2202,6.1614,0.028422,0.48828,0.73259,0.38104,0.93962,0.69025,0.95059,0.68528,1.8677
2,10,3,2,0.77418,1.0415,0.325,0.717,0.30836,5.1099,5.5104,0.041585,0.48828,0.68546,0.33043,0.85433,0.6229,0.89713,0.62888,2.5099
