grp,pp,S,ID,peakVel,MT,accTime,decTime,accQ,IPerf,IPerfEf,Harmonicity,f,vfTrajCircularity,vfCircularity,q1,q2,q3,q4,maxangle
1,2,1,1,0.90139,0.3385,0.169,0.167,0.49161,7.6794,10.752,1,1.4936,0.90107,0.12761,0.93043,0.88392,0.83911,0.89008,1.1189
1,2,1,1,0.88782,0.3075,0.156,0.1555,0.49753,8.4536,11.493,1,1.6044,0.87035,0.13202,0.89422,0.87448,0.85015,0.87685,0.88795
1,2,1,1,0.89567,0.2925,0.1485,0.145,0.50688,8.8871,11.821,1,1.6741,0.84262,0.1705,0.83937,0.86445,0.81591,0.84563,1.1989
1,2,1,2,0.73127,0.6865,0.287,0.4125,0.41116,5.8267,6.0154,1,0.73242,0.75668,0.21199,0.79823,0.69752,0.81224,0.71946,3.1416
1,2,1,2,0.77435,0.6185,0.264,0.34,0.44274,6.4675,6.6485,0.35026,0.8138,0.77938,0.21216,0.82569,0.75332,0.80083,0.74177,3.1416
1,2,1,2,0.89805,0.592,0.235,0.356,0.40167,6.7568,6.7383,0.4013,0.83705,0.84579,0.21508,0.87297,0.77924,0.92769,0.82065,1.3292
1,2,1,3,0.83088,1.176,0.328,0.8315,0.28268,4.5255,5.0821,0.040403,0.42832,0.6498,0.47806,0.93516,0.5598,0.9246,0.60109,1.8854
1,2,1,3,0.71989,1.058,0.325,0.7315,0.31466,5.0302,5.3252,0.049156,0.47871,0.67103,0.41174,0.81208,0.58107,0.83385,0.59985,1.5708
1,2,1,3,0.87292,0.9975,0.3075,0.6795,0.308,5.3353,5.66,0.041182,0.50863,0.73765,0.37395,0.92346,0.65383,0.92922,0.65593,1.8952
1,2,2,1,0.84059,0.1875,0.0985,0.091,0.52178,13.864,18.696,1,2.6042,0.83413,0.081593,0.84283,0.85029,0.81271,0.83221,0.50305
1,2,2,1,0.93286,0.24,0.127,0.1115,0.53259,10.831,13.528,1,2.1307,0.88545,0.14677,0.84794,0.93886,0.87088,0.88708,0.75184
1,2,2,1,0.69479,0.203,0.109,0.094,0.53867,12.806,17.283,1,2.4957,0.71389,0.15438,0.71215,0.69579,0.69151,0.74896,0.80975
1,2,2,2,0.9107,0.411,0.201,0.207,0.48635,9.7324,10.222,1,1.2336,0.88672,0.17404,0.8737,0.86881,0.89552,0.8955,1.227
1,2,2,2,0.89818,0.3415,0.183,0.162,0.52857,11.713,12.762,1,1.4648,0.88489,0.15177,0.85387,0.88884,0.88653,0.90177,1.1273
1,2,2,2,0.94557,0.33,0.178,0.153,0.53509,12.121,13.35,1,1.4974,0.91965,0.15639,0.88995,0.93937,0.91729,0.94016,0.99038
1,2,2,3,0.77623,0.9605,0.224,0.7445,0.23556,5.5408,5.8447,0.033746,0.51945,0.77121,0.45565,0.90661,0.58359,0.86541,0.54654,2.2103
1,2,2,3,0.72535,0.862,0.221,0.645,0.25304,6.1739,6.6462,0.031888,0.56538,0.71515,0.38418,0.90223,0.6146,0.8122,0.59665,2.9732
1,2,2,3,0.82491,0.7355,0.222,0.5175,0.30204,7.2359,7.5136,0.034143,0.66964,0.71761,0.35322,0.89745,0.65025,0.92868,0.64871,1.7856
1,2,3,1,0.83718,0.203,0.104,0.1045,0.50736,12.805,14.302,1,2.4414,0.81362,0.12331,0.80254,0.86122,0.80418,0.79968,0.70974
1,2,3,1,0.82969,0.144,0.0755,0.0745,0.50008,18.052,20.099,1,3.6272,0.79118,0.14689,0.74913,0.81372,0.85112,0.78503,0.28886
1,2,3,1,0.89879,0.1655,0.087,0.085,0.52296,15.707,20.501,1,3.0518,0.86534,0.15974,0.80541,0.91649,0.90778,0.8593,0.42664
1,2,3,2,0.82996,0.347,0.182,0.167,0.52698,11.527,12.321,1,1.4648,0.851,0.16857,0.87586,0.90056,0.82468,0.86751,1.1149
1,2,3,2,0.87493,0.342,0.1835,0.1625,0.52215,11.696,12.582,1,1.4648,0.89187,0.17011,0.89231,0.95926,0.8468,0.87304,1.0896
1,2,3,2,0.83938,0.3055,0.1655,0.143,0.53976,13.093,13.432,1,1.6276,0.85203,0.14629,0.85247,0.91279,0.83656,0.83877,1.0254
1,2,3,3,0.83399,0.8585,0.2865,0.5545,0.33607,6.1991,6.3615,0.1015,0.59546,0.803,0.2945,0.96096,0.74685,0.87431,0.74244,3.1416
1,2,3,3,0.90282,0.7805,0.281,0.493,0.36214,6.8186,6.9487,0.16317,0.65104,0.89176,0.26616,0.95544,0.82862,0.93123,0.83435,1.5708
1,2,3,3,0.82497,0.823,0.336,0.494,0.4085,6.4665,6.2145,0.15736,0.60096,0.84011,0.27211,0.88466,0.76737,0.88713,0.82021,1.4245
1,3,1,1,0.82823,0.508,0.2125,0.315,0.41622,5.1171,6.7717,0.76625,0.97656,0.7805,0.18491,0.80881,0.74566,0.86173,0.7465,1.5462
1,3,1,1,0.91025,0.441,0.197,0.239,0.44687,5.8945,7.6857,1,1.1161,0.87302,0.15389,0.87334,0.86015,0.89967,0.82835,0.90536
1,3,1,1,0.88962,0.356,0.1715,0.189,0.48292,7.3019,10.54,1,1.4648,0.88468,0.14353,0.87938,0.9291,0.86768,0.82269,0.73237
1,3,1,2,0.83986,0.831,0.333,0.487,0.40825,4.8135,4.9788,0.1318,0.57592,0.78778,0.26523,0.8837,0.71375,0.87399,0.75649,3.1416
1,3,1,2,0.86187,0.7105,0.285,0.413,0.41062,5.6299,5.9828,0.19421,0.74678,0.83475,0.21235,0.91042,0.81416,0.86856,0.77795,1.3741
1,3,1,2,0.90154,0.7025,0.275,0.4305,0.38729,5.6942,6.1998,0.16067,0.73982,0.85979,0.21662,0.90851,0.79957,0.92326,0.79255,1.2764
1,3,1,3,0.89363,1.0915,0.448,0.6285,0.41812,4.8758,4.9337,0.12929,0.44222,0.83729,0.27155,0.9125,0.78561,0.91142,0.76957,2.3072
1,3,1,3,0.85965,1.0465,0.4255,0.6225,0.41335,5.0855,5.034,0.1031,0.47743,0.81797,0.272,0.89211,0.7435,0.89691,0.76682,3.1416
1,3,1,3,0.82322,1.067,0.4215,0.6335,0.39814,4.9878,5.3571,0.076575,0.47789,0.79891,0.27608,0.88424,0.74215,0.88479,0.72455,2.482
1,3,2,1,0.85722,0.312,0.154,0.165,0.46909,8.3317,10.494,1,1.6276,0.84395,0.1384,0.82472,0.85371,0.8635,0.82032,1.1023
1,3,2,1,0.88895,0.323,0.155,0.165,0.49508,8.0479,11.123,1,1.5625,0.87254,0.14348,0.83942,0.9088,0.90207,0.8179,0.91016
1,3,2,1,0.95031,0.3295,0.164,0.167,0.49631,7.8893,11.218,1,1.4974,0.90052,0.15856,0.87329,0.94381,0.9262,0.87149,0.89827
1,3,2,2,0.85476,0.641,0.265,0.371,0.40748,6.2402,7.1639,0.13887,0.78125,0.8321,0.20801,0.81861,0.77565,0.92187,0.76915,3.1416
1,3,2,2,0.87037,0.579,0.2505,0.349,0.40248,6.9085,8.0438,0.093747,0.82031,0.8403,0.21862,0.84541,0.81732,0.89293,0.7588,1.5708
1,3,2,2,0.85282,0.609,0.268,0.358,0.42322,6.5681,7.2856,0.10373,0.7487,0.81652,0.22963,0.82191,0.78833,0.89665,0.75464,2.1839
1,3,2,3,0.77135,0.9585,0.4315,0.5345,0.44016,5.5524,5.9206,0.11739,0.49867,0.75672,0.26846,0.8154,0.71333,0.86975,0.73094,3.1416
1,3,2,3,0.86692,0.946,0.3915,0.5395,0.41185,5.6257,5.848,0.080156,0.50951,0.83578,0.2754,0.86104,0.7768,0.91525,0.78297,3.1416
1,3,2,3,0.86528,0.8985,0.3635,0.531,0.42017,5.9232,6.2101,0.11751,0.55427,0.8387,0.29288,0.85228,0.74864,0.93614,0.82912,3.1416
1,3,3,1,0.88789,0.2975,0.1465,0.1515,0.5026,8.7377,12.227,1,1.7439,0.86905,0.16624,0.85908,0.92623,0.86709,0.81883,0.99283
1,3,3,1,0.91779,0.33,0.1685,0.1635,0.50586,7.8772,10.058,1,1.4974,0.88699,0.1726,0.87368,0.96116,0.89171,0.80649,0.93223
1,3,3,1,0.90063,0.29,0.1515,0.1485,0.51527,8.9637,12.4,1,1.6741,0.88467,0.14581,0.85954,0.95046,0.8772,0.81893,1.0877
1,3,3,2,0.89147,0.562,0.24,0.3235,0.42872,7.1175,7.6702,0.16446,0.939,0.85608,0.21716,0.85476,0.84044,0.91883,0.79663,1.3529
1,3,3,2,0.90849,0.485,0.218,0.273,0.44574,8.2474,8.9153,0.12823,1.019,0.86985,0.16892,0.87239,0.86829,0.90376,0.80201,1.1482
1,3,3,2,0.9284,0.5185,0.237,0.2805,0.45506,7.7146,8.4139,0.13343,0.97656,0.89359,0.18071,0.89014,0.90066,0.92059,0.82909,1.1719
1,3,3,3,0.81932,0.9435,0.412,0.531,0.43396,5.6406,5.7142,0.11062,0.51945,0.78743,0.24244,0.81607,0.74253,0.86612,0.73588,2.8793
1,3,3,3,0.88396,0.8445,0.345,0.49,0.42849,6.3019,6.7189,0.076128,0.57445,0.8574,0.22591,0.88277,0.81993,0.9162,0.81114,3.1416
1,3,3,3,0.87049,0.888,0.403,0.499,0.4424,5.9932,5.4181,0.11328,0.55427,0.80652,0.24893,0.82184,0.78288,0.89269,0.76291,2.2739
1,6,1,1,0.68332,0.871,0.3275,0.543,0.38499,2.9865,3.9805,0.096362,0.48828,0.72313,0.26321,0.72695,0.65321,0.79064,0.69226,1.3611
1,6,1,1,0.77698,0.9865,0.4165,0.5585,0.42333,2.6351,3.6607,0.12224,0.50863,0.76234,0.18879,0.83584,0.79757,0.74701,0.66889,1.5708
1,6,1,1,0.74131,0.9465,0.3535,0.565,0.4045,2.7464,3.9762,0.14956,0.49913,0.75616,0.26131,0.82337,0.69571,0.80933,0.73705,2.3484
1,6,1,2,0.81828,1.123,0.404,0.715,0.36842,3.5619,3.3059,0.090886,0.46875,0.77491,0.27103,0.87368,0.67457,0.88481,0.73971,3.1416
1,6,1,2,0.72414,0.944,0.372,0.572,0.41131,4.2373,4.4555,0.25345,0.53478,0.76542,0.22758,0.77806,0.6598,0.83618,0.79259,3.1416
1,6,1,2,0.75014,1.1025,0.4055,0.672,0.39329,3.6281,2.8381,0.15207,0.46705,0.75565,0.29023,0.87161,0.72205,0.77833,0.70901,3.1416
1,6,1,3,0.76231,1.32,0.443,0.8715,0.34409,4.032,4.2609,0.10539,0.39062,0.7379,0.3463,0.79899,0.62937,0.90807,0.71183,1.4774
1,6,1,3,0.71368,2.0625,0.625,1.4165,0.31449,2.5815,2.7307,0.1451,0.19531,0.71625,0.42276,0.87168,0.64421,0.78873,0.60048,1.8909
1,6,1,3,0.79401,1.389,0.507,0.889,0.34895,3.8315,3.8436,0.080295,0.33675,0.80138,0.27259,0.8664,0.74265,0.90084,0.74231,2.5895
1,6,2,1,0.90503,0.597,0.28,0.319,0.46656,4.3542,5.7495,1,0.83705,0.86729,0.14567,0.87096,0.84344,0.90374,0.85938,1.352
1,6,2,1,0.90944,0.5745,0.2945,0.2805,0.50044,4.5247,6.989,1,0.86806,0.87406,0.17214,0.8382,0.88286,0.87916,0.86122,1.2897
1,6,2,1,0.86703,0.6005,0.2985,0.299,0.49753,4.3288,5.4886,1,0.83705,0.82057,0.18852,0.8016,0.82061,0.85104,0.79679,1.2268
1,6,2,2,0.8673,0.912,0.4005,0.521,0.43325,4.386,5.0805,0.10057,0.56424,0.83566,0.21214,0.85709,0.77521,0.90669,0.82983,3.1416
1,6,2,2,0.88226,0.712,0.3505,0.3565,0.49859,5.618,6.6208,0.33403,0.69754,0.86851,0.20919,0.85424,0.82497,0.90537,0.89801,1.4278
1,6,2,2,0.86351,0.742,0.354,0.379,0.47187,5.3908,6.1502,0.13574,0.67139,0.85983,0.21231,0.85396,0.82645,0.88745,0.87577,1.4779
1,6,2,3,0.77778,1.126,0.449,0.6765,0.39017,4.7265,4.8748,0.081015,0.43403,0.76915,0.30919,0.82415,0.68735,0.88917,0.76423,3.1416
1,6,2,3,0.80425,1.3105,0.4995,0.806,0.37961,4.061,4.6917,0.084907,0.37287,0.79078,0.27904,0.8544,0.70598,0.90163,0.75321,3.1416
1,6,2,3,0.90653,1.2055,0.478,0.705,0.40323,4.4147,4.7877,0.091311,0.40409,0.86726,0.29331,0.91467,0.82131,0.92818,0.81781,1.5708
1,6,3,1,0.91039,0.632,0.318,0.33,0.49322,4.1131,6.3603,1,0.80218,0.87344,0.18668,0.84127,0.86274,0.91964,0.87767,1.1064
1,6,3,1,0.89503,0.579,0.296,0.275,0.52324,4.4896,7.2859,1,0.86806,0.88067,0.21684,0.82493,0.87816,0.89354,0.92722,1.2678
1,6,3,1,0.89239,0.557,0.2835,0.274,0.50492,4.6669,7.2727,1,0.86806,0.88516,0.19332,0.84134,0.86371,0.91681,0.91831,1.3502
1,6,3,2,0.86695,0.682,0.3345,0.3595,0.47369,5.8653,6.8989,0.22067,0.76294,0.86249,0.20328,0.84322,0.81194,0.89158,0.8946,1.4108
1,6,3,2,0.90584,0.6395,0.3155,0.3285,0.48961,6.2549,7.8618,0.28524,0.78125,0.89855,0.24164,0.88065,0.85098,0.93458,0.92785,1.4931
1,6,3,2,0.84487,0.6295,0.3095,0.3305,0.47756,6.3547,7.1507,0.27448,0.78125,0.85347,0.17291,0.83951,0.82605,0.87473,0.87955,1.3153
1,6,3,3,0.81177,1.331,0.4785,0.843,0.37326,3.9985,4.7444,0.095908,0.38147,0.792,0.30283,0.84981,0.71395,0.92717,0.76608,2.14
1,6,3,3,0.71202,1.267,0.479,0.7945,0.38227,4.2004,4.8388,0.094192,0.39378,0.73532,0.27016,0.81557,0.6805,0.82555,0.72551,3.1416
1,6,3,3,0.77758,1.1805,0.4375,0.757,0.37534,4.5082,5.1438,0.087045,0.40409,0.75451,0.29598,0.82806,0.67207,0.88574,0.75724,2.9926
1,8,1,1,0.84224,0.226,0.1245,0.1045,0.54605,11.502,10.084,1,2.2461,0.83898,0.1823,0.75525,0.92315,0.86676,0.75477,0.74766
1,8,1,1,0.92669,0.194,0.104,0.096,0.51741,13.399,19.594,1,2.6042,0.90922,0.14294,0.86641,0.98088,0.91151,0.88119,0.70744
1,8,1,1,0.92029,0.2465,0.1325,0.115,0.53451,10.546,13.043,1,2.0345,0.89801,0.15786,0.83113,0.94602,0.89779,0.85401,0.99983
1,8,1,2,0.80582,0.555,0.262,0.307,0.47222,7.2072,7.9868,0.09893,0.89164,0.80279,0.19808,0.87802,0.80718,0.76629,0.75737,1.6781
1,8,1,2,0.79782,0.52,0.229,0.287,0.45618,7.6923,7.8852,0.39967,0.85449,0.80679,0.15652,0.88172,0.80868,0.79726,0.76385,1.2722
1,8,1,2,0.84003,0.64,0.2685,0.3725,0.41677,6.25,6.3469,0.21449,0.78125,0.81174,0.24598,0.87331,0.7852,0.83858,0.74919,1.5708
1,8,1,3,0.80116,1.0775,0.38,0.6815,0.36427,4.9391,5.0576,0.065358,0.4695,0.74275,0.33621,0.9257,0.69968,0.84228,0.67825,2.2051
1,8,1,3,0.80922,0.989,0.3285,0.664,0.333,5.3811,5.7194,0.05212,0.48828,0.73682,0.31014,0.91218,0.71332,0.83316,0.65717,2.2872
1,8,1,3,0.85671,0.9425,0.323,0.613,0.3498,5.6466,5.8449,0.035734,0.52083,0.78738,0.34175,0.94806,0.73402,0.87396,0.695,1.8501
1,8,2,1,0.92367,0.174,0.0925,0.0825,0.53191,14.939,15.07,1,2.9297,0.88728,0.19204,0.80328,0.9336,0.94248,0.87151,0.6135
1,8,2,1,0.89363,0.203,0.107,0.0975,0.52941,12.805,17.809,1,2.4957,0.87296,0.117,0.82938,0.91968,0.91036,0.87827,0.61943
1,8,2,1,0.93411,0.1965,0.107,0.091,0.54417,13.229,17.367,1,2.6042,0.90764,0.1377,0.85274,0.94102,0.93002,0.92476,0.69559
1,8,2,2,0.77301,0.636,0.253,0.397,0.38706,6.2893,7.0368,0.21504,0.7487,0.76043,0.24265,0.84258,0.697,0.83955,0.73191,3.1416
1,8,2,2,0.83375,0.428,0.202,0.214,0.48655,9.3458,9.1424,1,1.0742,0.82323,0.13636,0.83865,0.8423,0.81968,0.79928,1.2086
1,8,2,2,0.83306,0.67,0.269,0.403,0.40262,5.9701,6.4844,1,0.71615,0.8264,0.24173,0.88192,0.80128,0.87162,0.77108,1.4295
1,8,2,3,0.82895,1.054,0.352,0.688,0.33611,5.0493,5.1977,0.048342,0.46705,0.78992,0.37733,0.90602,0.68701,0.91718,0.75814,2.1538
1,8,2,3,0.66255,1.202,0.3905,0.8225,0.33046,4.4276,4.4999,0.053701,0.41556,0.64987,0.35796,0.76956,0.60101,0.77759,0.61103,2.234
1,8,2,3,0.89055,1.14,0.3475,0.7975,0.2995,4.6684,4.7577,0.035497,0.44389,0.79515,0.36985,0.92123,0.7239,0.91047,0.70901,1.8237
1,8,3,1,0.86487,0.172,0.094,0.08,0.54923,15.113,15.439,1,2.9297,0.85347,0.074901,0.83706,0.81372,0.84532,0.8799,0.4199
1,8,3,1,0.90506,0.182,0.1,0.082,0.54462,14.283,19.797,1,2.8076,0.88964,0.13199,0.80638,0.91574,0.91969,0.90503,0.71268
1,8,3,1,0.85849,0.183,0.103,0.085,0.5367,14.205,18.418,1,2.8076,0.8345,0.1418,0.795,0.85895,0.84548,0.85125,0.89816
1,8,3,2,0.84558,0.545,0.25,0.296,0.43786,7.3394,7.6624,1,0.939,0.8404,0.16512,0.87915,0.82696,0.84131,0.80834,1.2535
1,8,3,2,0.87796,0.446,0.223,0.234,0.48473,8.9686,10.09,1,1.1161,0.87897,0.17248,0.91195,0.87485,0.84757,0.88916,1.0373
1,8,3,2,0.85098,0.459,0.2145,0.243,0.46733,8.7146,9.3115,1,1.0696,0.84672,0.13965,0.86985,0.81631,0.85601,0.83658,0.93494
1,8,3,3,0.89674,0.931,0.327,0.592,0.3656,5.7164,5.7385,0.07491,0.54783,0.83709,0.28097,0.91486,0.7555,0.90945,0.80153,1.5708
1,8,3,3,0.8004,0.857,0.3025,0.5625,0.34936,6.21,6.3415,0.058979,0.56538,0.76939,0.30669,0.85977,0.68014,0.88506,0.76167,1.5808
1,8,3,3,0.81497,0.907,0.3235,0.601,0.35442,5.8676,5.7526,0.075433,0.55487,0.78834,0.28944,0.89197,0.72905,0.89001,0.73571,3.1416
1,9,1,1,0.83048,0.4865,0.232,0.2585,0.47599,5.3432,6.4914,1,1.0615,0.79242,0.16604,0.82826,0.78765,0.7802,0.75315,1.1119
1,9,1,1,0.84736,0.393,0.19,0.202,0.48362,6.6146,8.5948,1,1.285,0.82596,0.17692,0.84899,0.81938,0.80688,0.81599,0.99203
1,9,1,1,0.90931,0.374,0.188,0.1885,0.49807,6.9505,10.01,1,1.3563,0.89924,0.16399,0.90299,0.92309,0.88179,0.89305,1.1865
1,9,1,2,0.8858,0.577,0.248,0.3175,0.44217,6.9324,6.442,1,0.87193,0.85941,0.20042,0.89763,0.8697,0.89004,0.81798,1.1599
1,9,1,2,0.91683,0.5905,0.2535,0.3305,0.43051,6.774,7.1323,0.59222,0.83705,0.88105,0.20489,0.9119,0.84958,0.90911,0.84574,1.2633
1,9,1,2,0.88441,0.716,0.298,0.418,0.41867,5.5866,5.9018,0.39796,0.68934,0.86488,0.1774,0.91453,0.82598,0.90519,0.82689,3.1416
1,9,1,3,0.75546,1.09,0.451,0.633,0.41385,4.8825,4.7296,0.10842,0.47832,0.77556,0.25711,0.90638,0.75475,0.78953,0.71974,1.8026
1,9,1,3,0.82337,1.0655,0.407,0.645,0.39557,4.9948,4.9429,0.080272,0.47789,0.81076,0.24948,0.87377,0.75407,0.87785,0.7649,3.1416
1,9,1,3,0.88619,1.067,0.367,0.692,0.35105,4.9877,5.1942,0.080923,0.46794,0.84361,0.29735,0.93956,0.79239,0.92757,0.78365,3.1416
1,9,2,1,0.86864,0.277,0.145,0.1345,0.51799,9.3843,12.939,1,1.8029,0.88427,0.13776,0.90468,0.90976,0.85246,0.8826,0.97361
1,9,2,1,0.86127,0.25,0.135,0.116,0.53508,10.398,13.269,1,2.0345,0.84925,0.11335,0.82304,0.88916,0.84477,0.84105,0.75819
1,9,2,1,0.86741,0.296,0.153,0.145,0.51311,8.782,10.446,1,1.6741,0.8665,0.13952,0.84237,0.91733,0.89667,0.85287,0.72674
1,9,2,2,0.9242,0.489,0.227,0.2625,0.46202,8.18,9.4752,1,1.0231,0.89892,0.20956,0.90434,0.87972,0.92881,0.88185,1.0977
1,9,2,2,0.82702,0.497,0.2205,0.2745,0.44755,8.0483,8.4666,0.46775,1.019,0.81896,0.19312,0.83242,0.80848,0.84071,0.79095,1.355
1,9,2,2,0.90101,0.489,0.219,0.271,0.44468,8.18,8.5639,1,1.019,0.86352,0.18726,0.86967,0.85464,0.90395,0.83658,1.0874
1,9,2,3,0.83727,0.95,0.327,0.6335,0.3468,5.6021,5.69,0.041061,0.51945,0.7572,0.28517,0.85623,0.67095,0.91102,0.75221,1.8354
1,9,2,3,0.8187,0.836,0.294,0.545,0.35374,6.3659,6.2864,0.056173,0.59679,0.79914,0.26144,0.89432,0.74345,0.90931,0.73806,1.5708
1,9,2,3,0.7972,0.8665,0.2985,0.5475,0.3535,6.1419,5.6743,0.059309,0.57165,0.76388,0.29986,0.84921,0.71938,0.89187,0.70254,1.5708
1,9,3,1,0.78081,0.278,0.1455,0.133,0.51689,9.3506,11.446,1,1.8029,0.77613,0.12747,0.78585,0.82334,0.77548,0.74897,0.74701
1,9,3,1,0.81738,0.223,0.125,0.1035,0.53991,11.657,15.723,1,2.3082,0.80568,0.12037,0.80594,0.79059,0.78869,0.84232,0.60687
1,9,3,1,0.88295,0.259,0.1395,0.1205,0.53374,10.037,12.367,1,1.9531,0.85803,0.1536,0.86277,0.88618,0.84168,0.8709,0.79697
1,9,3,2,0.84653,0.585,0.2455,0.327,0.43841,6.8376,7.2803,0.27195,0.83189,0.83127,0.19587,0.84515,0.77244,0.89243,0.8158,1.5708
1,9,3,2,0.86966,0.444,0.206,0.234,0.46396,9.009,9.246,1,1.1626,0.85268,0.14616,0.86723,0.83957,0.8765,0.83805,1.0703
1,9,3,2,0.89834,0.485,0.2245,0.2655,0.45799,8.2475,9.2202,1,1.019,0.8857,0.18905,0.88391,0.87661,0.91297,0.85145,1.2761
1,9,3,3,0.80593,0.911,0.3195,0.5955,0.34704,5.8419,5.4662,0.10187,0.55487,0.76993,0.30561,0.84805,0.69345,0.87593,0.72702,1.7905
1,9,3,3,0.8608,0.886,0.311,0.565,0.35748,6.0067,5.9466,0.13536,0.56152,0.83885,0.29214,0.91343,0.75035,0.9593,0.8004,1.5708
1,9,3,3,0.8157,0.9445,0.3235,0.6245,0.33846,5.6347,5.7356,0.098447,0.50951,0.81098,0.30596,0.90054,0.7425,0.91184,0.75791,1.5708
2,1,1,1,0.90972,0.324,0.17,0.157,0.5175,8.023,10.94,1,1.5625,0.89872,0.17045,0.92436,0.92304,0.85477,0.91227,0.91442
2,1,1,1,0.83858,0.237,0.128,0.1145,0.53358,10.968,14.58,1,2.0419,0.85308,0.158,0.85377,0.946,0.84529,0.82579,0.73948
2,1,1,1,0.8754,0.273,0.141,0.134,0.51705,9.5218,13.111,1,1.878,0.86291,0.14642,0.87698,0.89326,0.84186,0.84851,0.92729
2,1,1,2,0.87787,0.605,0.255,0.346,0.41157,6.6116,6.8179,1,0.77452,0.85999,0.21298,0.86734,0.81321,0.91652,0.80538,1.1279
2,1,1,2,0.92734,0.504,0.242,0.274,0.46591,7.9365,7.9948,1,0.97656,0.88978,0.18799,0.87128,0.8687,0.93307,0.8775,1.1509
2,1,1,2,0.86778,0.5685,0.2545,0.3165,0.43527,7.0361,7.6381,1,0.87193,0.86076,0.18837,0.86024,0.8301,0.91409,0.84193,1.261
2,1,1,3,0.61084,1.094,0.374,0.676,0.34124,4.8647,4.9018,0.061629,0.43846,0.64617,0.37567,0.76987,0.6136,0.71305,0.58858,3.068
2,1,1,3,0.82408,1.149,0.328,0.799,0.28605,4.632,4.366,0.036804,0.44759,0.76608,0.33861,0.93799,0.73642,0.89163,0.64567,1.5708
2,1,1,3,0.72264,1.069,0.3335,0.719,0.3372,4.9789,4.9269,0.035863,0.48828,0.70487,0.32695,0.83969,0.66183,0.827,0.62525,1.5708
2,1,2,1,0.86486,0.179,0.1005,0.089,0.54322,14.523,19.11,1,2.8076,0.79721,0.17474,0.76326,0.91669,0.91361,0.76864,0.73263
2,1,2,1,0.87815,0.2095,0.115,0.1035,0.52553,12.408,16.908,1,2.3438,0.85808,0.10056,0.8386,0.87695,0.88952,0.85474,0.5487
2,1,2,1,0.90917,0.173,0.104,0.0855,0.55241,15.026,21.375,1,2.9297,0.88849,0.11047,0.86287,0.94454,0.89872,0.89352,0.526
2,1,2,2,0.87722,0.6605,0.2695,0.3765,0.41581,6.056,6.749,1,0.78755,0.86432,0.23246,0.86971,0.82757,0.94567,0.8105,1.2405
2,1,2,2,0.91644,0.6565,0.3005,0.3585,0.44789,6.0931,6.8822,1,0.76294,0.89764,0.20122,0.90417,0.87848,0.92837,0.85108,1.403
2,1,2,2,0.91889,0.5925,0.276,0.319,0.46562,6.7511,7.1522,1,0.83189,0.8771,0.21746,0.88629,0.88088,0.91317,0.8482,1.1656
2,1,2,3,0.69456,1.2305,0.382,0.835,0.32241,4.3251,4.9509,0.032469,0.39438,0.70027,0.37855,0.85512,0.62469,0.80347,0.60835,3.1416
2,1,2,3,0.84023,1.088,0.36,0.725,0.34035,4.8915,5.2124,0.03798,0.45956,0.78259,0.29881,0.89358,0.76015,0.89339,0.68551,2.2464
2,1,2,3,0.86119,1.0575,0.344,0.708,0.33171,5.0326,5.3098,0.055627,0.47871,0.83351,0.3633,0.95569,0.80447,0.92608,0.72317,2.3365
2,1,3,1,0.83132,0.173,0.104,0.0965,0.54384,15.026,18.2,1,2.9297,0.80184,0.10314,0.86873,0.87239,0.79588,0.77716,0.19709
2,1,3,1,0.86478,0.2385,0.1325,0.115,0.5354,10.899,14.274,1,2.1307,0.86847,0.11861,0.86561,0.92182,0.83911,0.88278,0.74917
2,1,3,1,0.859,0.177,0.1025,0.086,0.56424,14.686,20.334,1,2.8076,0.82953,0.12962,0.79649,0.882,0.85995,0.80597,0.61022
2,1,3,2,0.91049,0.571,0.256,0.323,0.42233,7.0053,8.2383,1,0.86388,0.90192,0.23707,0.89806,0.89486,0.95469,0.84858,1.2591
2,1,3,2,0.86383,0.705,0.298,0.41,0.42526,5.6738,6.7906,1,0.68063,0.87311,0.23777,0.89385,0.84615,0.92006,0.82488,1.2018
2,1,3,2,0.95273,0.6225,0.2835,0.347,0.44557,6.4257,7.3709,1,0.8138,0.92564,0.22757,0.93892,0.933,0.95227,0.87926,1.3775
2,1,3,3,0.81143,1.493,0.439,1.064,0.28921,3.5646,4.1216,0.034999,0.32106,0.75827,0.41864,0.90591,0.71105,0.92483,0.70137,3.1416
2,1,3,3,0.79336,1.105,0.3355,0.7565,0.30806,4.8162,5.3806,0.033753,0.44222,0.7928,0.36438,0.87987,0.7227,0.88881,0.67479,1.5708
2,1,3,3,0.87606,1.102,0.36,0.736,0.34071,4.8293,5.293,0.083768,0.44582,0.8371,0.33998,0.93266,0.80328,0.94197,0.77277,2.0219
2,4,1,1,0.70237,0.331,0.155,0.181,0.48346,7.8534,11.031,1,1.3428,0.71597,0.19477,0.69485,0.83026,0.72975,0.6994,1.2984
2,4,1,1,0.78167,0.2845,0.14,0.148,0.50215,9.137,11.755,1,1.7439,0.78078,0.16363,0.79069,0.85379,0.7635,0.736,0.8612
2,4,1,1,0.72838,0.289,0.141,0.1395,0.4986,8.9947,10.242,1,1.7278,0.69538,0.14754,0.74439,0.70751,0.65448,0.7228,0.84249
2,4,1,2,0.91715,0.551,0.243,0.313,0.43825,7.2595,7.369,1,0.89844,0.86126,0.21268,0.91923,0.87863,0.8555,0.79932,1.3095
2,4,1,2,0.87862,0.5555,0.2415,0.3225,0.42529,7.2009,7.469,0.51134,0.90422,0.86332,0.1895,0.91622,0.85958,0.87881,0.8144,1.3317
2,4,1,2,0.84069,0.574,0.256,0.32,0.44905,6.9686,7.9825,1,0.86806,0.87527,0.20479,0.919,0.8862,0.87314,0.84008,1.2154
2,4,1,3,0.79413,0.875,0.298,0.6025,0.33495,6.0824,6.2704,0.11399,0.55804,0.76319,0.34372,0.89128,0.72441,0.90425,0.69075,3.1416
2,4,1,3,0.90714,0.879,0.289,0.59,0.32953,6.0545,5.9322,0.14871,0.55804,0.85887,0.30389,0.95397,0.82149,0.94532,0.77034,1.5769
2,4,1,3,0.84804,0.9335,0.2905,0.6455,0.30931,5.701,5.5221,0.14424,0.54253,0.8196,0.31413,0.93565,0.76895,0.93385,0.7541,1.4843
2,4,2,1,0.82305,0.275,0.132,0.1455,0.48133,9.4527,13.109,1,1.878,0.8276,0.16233,0.83864,0.89058,0.85444,0.80071,1.032
2,4,2,1,0.79809,0.2465,0.117,0.1275,0.48153,10.546,14.312,1,2.0419,0.80375,0.141,0.85543,0.85907,0.7873,0.76082,0.67401
2,4,2,1,0.85201,0.256,0.127,0.134,0.49434,10.154,12.575,1,1.9531,0.83477,0.16352,0.86024,0.9333,0.82527,0.76401,0.83414
2,4,2,2,0.86181,0.617,0.274,0.351,0.44231,6.483,7.4886,0.29053,0.78125,0.86512,0.21374,0.91798,0.88476,0.86476,0.77774,1.1297
2,4,2,2,0.8867,0.5875,0.261,0.3305,0.43762,6.8085,5.9759,1,0.84186,0.87418,0.2438,0.92842,0.90298,0.87459,0.80935,1.2118
2,4,2,2,0.88445,0.595,0.2735,0.3335,0.45082,6.7228,7.8842,1,0.84186,0.89533,0.25959,0.94181,0.93551,0.87856,0.81305,1.3944
2,4,2,3,0.65306,1.0225,0.347,0.6575,0.34424,5.2048,5.4281,0.10962,0.48828,0.71186,0.33602,0.83767,0.64526,0.75462,0.62239,2.2127
2,4,2,3,0.80314,0.9665,0.3015,0.6505,0.32286,5.5065,5.8628,0.10673,0.53478,0.76288,0.3429,0.92958,0.76054,0.87989,0.64815,1.5175
2,4,2,3,0.8049,0.985,0.3075,0.6835,0.3115,5.4031,5.533,0.11113,0.48828,0.79959,0.35192,0.92356,0.75763,0.89646,0.66792,1.3346
2,4,3,1,0.85477,0.2895,0.145,0.152,0.48864,8.9792,12.717,1,1.6044,0.8307,0.15998,0.81201,0.90675,0.83645,0.78256,1.1246
2,4,3,1,0.82226,0.238,0.119,0.1245,0.48183,10.922,16.883,1,2.1307,0.85362,0.13483,0.84986,0.93367,0.88277,0.80117,1.0487
2,4,3,1,0.87417,0.205,0.101,0.103,0.50121,12.68,16.553,1,2.3872,0.88675,0.1341,0.93715,0.88958,0.85329,0.88243,0.68156
2,4,3,2,0.85578,0.5785,0.259,0.324,0.4463,6.9144,7.6675,1,0.86806,0.85296,0.19092,0.90194,0.88159,0.85541,0.7771,1.4079
2,4,3,2,0.87666,0.5255,0.236,0.2855,0.45495,7.6119,8.3066,1,0.97656,0.88166,0.20126,0.91412,0.89764,0.8904,0.8237,1.3147
2,4,3,2,0.88592,0.4725,0.22,0.2555,0.45792,8.4656,9.4992,1,1.0615,0.88998,0.15683,0.9128,0.89902,0.89748,0.8515,1.1135
2,4,3,3,0.87672,1.019,0.318,0.708,0.32329,5.2227,5.4914,0.078485,0.48828,0.85801,0.33662,0.96909,0.86409,0.9164,0.68736,1.5708
2,4,3,3,0.87951,0.986,0.3245,0.6735,0.31922,5.3987,5.7444,0.14674,0.50863,0.85752,0.36161,0.98425,0.8619,0.92996,0.72455,1.5708
2,4,3,3,0.86203,0.989,0.2785,0.7005,0.28707,5.3814,5.7335,0.11798,0.52401,0.82563,0.3877,0.9713,0.83932,0.90937,0.64676,1.5708
2,5,1,1,0.88253,0.504,0.253,0.259,0.49031,5.1577,7.0038,1,0.97656,0.86197,0.17411,0.86361,0.87796,0.85501,0.83334,1.265
2,5,1,1,0.87236,0.496,0.2375,0.259,0.49092,5.2409,7.0792,1,0.97656,0.8763,0.16366,0.87518,0.89922,0.87575,0.82743,1.2194
2,5,1,1,0.8755,0.499,0.243,0.261,0.48294,5.2094,7.491,1,0.97656,0.85604,0.15069,0.86109,0.87492,0.85795,0.81414,1.1467
2,5,1,2,0.82752,0.8375,0.327,0.489,0.4199,4.7761,4.3021,0.22656,0.61928,0.75414,0.25017,0.80437,0.683,0.82814,0.70649,3.1416
2,5,1,2,0.82539,0.791,0.311,0.477,0.40351,5.0569,5.4699,0.293,0.65984,0.7991,0.24245,0.83385,0.75757,0.87842,0.74572,3.1416
2,5,1,2,0.84213,0.9465,0.3435,0.5675,0.37848,4.2261,4.6928,0.092471,0.55197,0.78803,0.24359,0.85021,0.73863,0.88383,0.72015,3.1416
2,5,1,3,0.80328,1.284,0.432,0.806,0.3476,4.1448,4.4827,0.097946,0.37977,0.76434,0.32186,0.91097,0.6883,0.89634,0.69865,2.8105
2,5,1,3,0.76669,1.3125,0.4435,0.86,0.34205,4.0548,4.301,0.086818,0.37202,0.78763,0.30322,0.89069,0.724,0.89326,0.72749,2.0269
2,5,1,3,0.88546,1.2265,0.427,0.786,0.34839,4.3391,4.7439,0.081645,0.41316,0.84372,0.30026,0.95242,0.78857,0.93451,0.7851,3.1416
2,5,2,1,0.87022,0.301,0.154,0.1455,0.50654,8.6361,12.911,1,1.6741,0.86397,0.12519,0.84405,0.9157,0.88085,0.83597,1.006
2,5,2,1,0.84749,0.28,0.142,0.135,0.50179,9.2838,12.338,1,1.8029,0.84977,0.16009,0.79946,0.88462,0.86362,0.79532,1.0223
2,5,2,1,0.82948,0.272,0.138,0.132,0.51656,9.5568,13.32,1,1.878,0.82607,0.14331,0.82188,0.89682,0.85205,0.79932,1.0466
2,5,2,2,0.7879,0.554,0.268,0.277,0.49362,7.2202,7.7705,0.73517,0.89844,0.81282,0.18856,0.80815,0.8006,0.82168,0.80306,1.1299
2,5,2,2,0.92088,0.571,0.268,0.309,0.46447,7.0053,7.769,0.70797,0.86388,0.89501,0.19487,0.8927,0.88155,0.93768,0.87118,1.2614
2,5,2,2,0.9279,0.4905,0.2295,0.262,0.46702,8.155,8.9394,1,1.0173,0.91282,0.18428,0.90657,0.91812,0.92488,0.88409,1.2265
2,5,2,3,0.75432,1.082,0.4115,0.653,0.39924,4.9186,5.4918,0.10935,0.47871,0.77156,0.23885,0.8257,0.73876,0.84713,0.71552,3.1416
2,5,2,3,0.84686,1.1015,0.3755,0.729,0.33835,4.8315,4.6475,0.079603,0.45211,0.78137,0.32004,0.8425,0.70624,0.90349,0.73301,3.1416
2,5,2,3,0.8659,1.004,0.368,0.6305,0.36761,5.3007,5.462,0.093203,0.51818,0.83526,0.259,0.89188,0.7769,0.9333,0.76806,1.5157
2,5,3,1,0.84962,0.2915,0.145,0.146,0.49483,8.9176,11.152,1,1.7439,0.84862,0.15782,0.79217,0.92328,0.85673,0.75899,1.038
2,5,3,1,0.87594,0.287,0.142,0.142,0.5,9.0574,12.723,1,1.7278,0.85202,0.15195,0.81386,0.9338,0.88354,0.78306,0.87244
2,5,3,1,0.86972,0.278,0.1435,0.14,0.50703,9.3506,12.382,1,1.8029,0.86128,0.14949,0.80404,0.94027,0.87832,0.79668,0.72152
2,5,3,2,0.87229,0.438,0.211,0.227,0.49412,9.1324,6.2188,1,1.2091,0.87457,0.17965,0.85452,0.88466,0.87965,0.84234,1.1529
2,5,3,2,0.87287,0.4,0.197,0.199,0.49874,10,10.399,1,1.2336,0.86619,0.15805,0.85112,0.89024,0.86759,0.83857,1.0808
2,5,3,2,0.92124,0.391,0.198,0.192,0.51297,10.23,11.02,1,1.3021,0.91905,0.15125,0.90806,0.93877,0.91914,0.90338,1.1341
2,5,3,3,0.85756,0.846,0.342,0.513,0.4078,6.2907,4.803,0.10003,0.57706,0.84447,0.22937,0.88899,0.80058,0.92253,0.79062,1.5104
2,5,3,3,0.8979,0.7335,0.314,0.42,0.43261,7.2555,7.2457,0.10881,0.67817,0.87888,0.2244,0.89152,0.84948,0.93324,0.82813,3.1416
2,5,3,3,0.83866,0.732,0.32,0.408,0.43984,7.2704,6.112,0.09853,0.67817,0.84465,0.25748,0.85359,0.81587,0.89741,0.80408,1.3756
2,7,1,1,0.7468,0.373,0.1785,0.1955,0.49326,6.9695,9.4389,1,1.0794,0.78223,0.16503,0.80152,0.83482,0.75737,0.75686,1.0925
2,7,1,1,0.79122,0.3145,0.163,0.151,0.5215,8.2654,11.339,1,1.4974,0.8371,0.12411,0.84009,0.88724,0.79402,0.7912,1.0096
2,7,1,1,0.86755,0.2575,0.1395,0.1255,0.54479,10.095,12.162,1,2.0282,0.86898,0.11873,0.88036,0.8778,0.80245,0.86667,0.78277
2,7,1,2,0.82676,0.9,0.337,0.5805,0.38293,4.4444,4.8353,0.18262,0.53478,0.82851,0.23968,0.92028,0.81898,0.86396,0.72295,1.3354
2,7,1,2,0.84153,0.799,0.335,0.467,0.42674,5.0063,4.682,0.58297,0.58594,0.83684,0.20106,0.89937,0.81015,0.83722,0.77794,3.1416
2,7,1,2,0.80315,0.693,0.307,0.351,0.4658,5.7732,5.989,1,0.71023,0.84052,0.19031,0.87583,0.85628,0.84624,0.79322,1.2371
2,7,1,3,0.79243,1.33,0.436,0.9,0.32768,4.0014,3.8975,0.089068,0.36621,0.78814,0.3624,0.95409,0.7901,0.87085,0.68668,2.3437
2,7,1,3,0.70763,1.301,0.452,0.8235,0.35506,4.0907,4.1085,0.086204,0.37802,0.71916,0.31834,0.86219,0.69583,0.76707,0.64086,3.1416
2,7,1,3,0.8761,1.158,0.407,0.739,0.36364,4.5958,4.7464,0.13067,0.44222,0.85088,0.30755,0.9341,0.81745,0.91689,0.79738,2.341
2,7,2,1,0.90745,0.3095,0.154,0.15,0.49916,8.3989,9.5215,1,1.6044,0.87384,0.17082,0.85655,0.95889,0.88445,0.80675,1.0005
2,7,2,1,0.78978,0.184,0.0985,0.0885,0.53501,14.128,15.317,1,2.6042,0.76023,0.13155,0.71629,0.8305,0.79425,0.7175,0.4405
2,7,2,1,0.88363,0.2435,0.128,0.116,0.52917,10.675,11.963,1,2.0419,0.88071,0.17015,0.82308,0.92674,0.87549,0.81679,1.0315
2,7,2,2,0.84238,0.498,0.244,0.255,0.47362,8.0337,9.073,1,0.97656,0.8546,0.16675,0.86483,0.88245,0.84988,0.80971,1.1821
2,7,2,2,0.73304,0.477,0.23,0.232,0.48737,8.3857,8.3264,1,1.2429,0.73334,0.21124,0.74588,0.74484,0.74399,0.72111,1.3785
2,7,2,2,0.8828,0.455,0.235,0.23,0.50216,8.7912,8.7979,1,1.1097,0.84611,0.15165,0.86351,0.88133,0.81264,0.82535,1.1314
2,7,2,3,0.89617,1.2885,0.453,0.832,0.36189,4.1303,4.5119,0.12975,0.38752,0.8482,0.32719,0.94424,0.78735,0.94731,0.78555,2.0313
2,7,2,3,0.90212,1.28,0.462,0.817,0.36923,4.1578,4.6802,0.11825,0.39063,0.86079,0.32771,0.94666,0.79055,0.94189,0.81762,1.5363
2,7,2,3,0.90305,0.9915,0.379,0.5945,0.39391,5.3676,5.5507,0.19271,0.52897,0.87196,0.29945,0.92526,0.82404,0.91681,0.8254,1.489
2,7,3,1,0.92064,0.273,0.138,0.138,0.49813,9.5218,11.668,1,1.878,0.91546,0.11524,0.85141,0.94638,0.92597,0.84801,0.80133
2,7,3,1,0.77746,0.2775,0.1345,0.137,0.50275,9.3677,10.77,1,1.709,0.78872,0.17451,0.7771,0.83332,0.81094,0.77046,1.162
2,7,3,1,0.86574,0.1545,0.082,0.072,0.54616,16.825,20.834,1,3.2087,0.83201,0.16225,0.85878,0.92493,0.84042,0.80337,0.44896
2,7,3,2,0.88603,0.576,0.29,0.2925,0.49442,6.9445,7.5931,1,0.83189,0.86084,0.16363,0.8589,0.86165,0.87805,0.86739,1.2477
2,7,3,2,0.7804,0.4615,0.228,0.2275,0.50612,8.6674,9.491,1,1.021,0.82222,0.16525,0.83562,0.83964,0.84254,0.83724,1.1379
2,7,3,2,0.93649,0.439,0.2175,0.2235,0.49417,9.1117,10.535,1,1.1719,0.91504,0.17899,0.90966,0.91469,0.9253,0.91504,1.0489
2,7,3,3,0.79415,1.203,0.4535,0.7175,0.38714,4.4239,4.9266,0.11758,0.42093,0.81187,0.25204,0.8566,0.76219,0.88685,0.76833,2.3389
2,7,3,3,0.77091,1.1295,0.4255,0.711,0.38079,4.7118,5.1111,0.078574,0.41853,0.79739,0.26752,0.8622,0.76488,0.8794,0.73985,1.6949
2,7,3,3,0.87817,1.1185,0.438,0.681,0.39006,4.7581,5.4025,0.17572,0.43846,0.86123,0.27758,0.91056,0.80526,0.9182,0.83055,1.5708
2,10,1,1,0.86485,0.6105,0.294,0.312,0.48945,4.2579,5.9274,1,0.84186,0.86757,0.18154,0.92156,0.87109,0.82914,0.85526,1.3684
2,10,1,1,0.83529,0.593,0.285,0.301,0.48502,4.3836,5.6947,1,0.83705,0.82003,0.18207,0.85139,0.82274,0.80592,0.80078,1.1072
2,10,1,1,0.84656,0.623,0.2965,0.3415,0.46024,4.1725,6.5633,1,0.78755,0.86215,0.18087,0.90007,0.88007,0.8564,0.81185,1.205
2,10,1,2,0.78405,0.888,0.394,0.504,0.44557,4.5046,4.2218,0.15143,0.50951,0.79646,0.25958,0.89031,0.8017,0.75864,0.72743,2.5824
2,10,1,2,0.87352,0.774,0.336,0.42,0.44312,5.168,5.29,0.23897,0.65104,0.86036,0.21195,0.91865,0.8583,0.85358,0.81295,1.3246
2,10,1,2,0.83413,0.6605,0.3095,0.346,0.48505,6.0561,6.1532,0.39439,0.76294,0.84185,0.20077,0.87219,0.84518,0.83808,0.80547,1.3958
2,10,1,3,0.78621,1.1145,0.428,0.687,0.39059,4.7752,4.4792,0.086421,0.42969,0.80461,0.29757,0.89503,0.7571,0.88578,0.7539,1.4797
2,10,1,3,0.80872,1.1365,0.461,0.6725,0.40859,4.6828,4.1703,0.10962,0.42832,0.80697,0.25898,0.90388,0.78623,0.85737,0.72101,3.1416
2,10,1,3,0.76439,1.334,0.4355,0.8475,0.35024,3.9895,3.9818,0.040571,0.37042,0.75831,0.3198,0.92936,0.75562,0.8245,0.63306,3.1416
2,10,2,1,0.8564,0.5145,0.238,0.2775,0.46509,5.0524,7.3627,1,1.0173,0.86181,0.14962,0.88792,0.84776,0.8526,0.83779,1.2085
2,10,2,1,0.86787,0.5465,0.2545,0.295,0.46189,4.7566,6.9159,1,0.90144,0.86151,0.1843,0.87411,0.82415,0.87689,0.85919,1.2498
2,10,2,1,0.92346,0.5045,0.226,0.2795,0.44765,5.1526,7.2588,1,1.0173,0.89186,0.18436,0.92707,0.84614,0.91351,0.87069,1.2476
2,10,2,2,0.88614,0.8005,0.315,0.478,0.39469,4.9969,5.9714,0.21051,0.626,0.86331,0.27862,0.90006,0.82125,0.91722,0.8096,1.5708
2,10,2,2,0.94782,0.8,0.331,0.481,0.40583,5,5.8394,0.37558,0.61384,0.89595,0.2828,0.93091,0.85528,0.94801,0.85714,1.5265
2,10,2,2,0.91553,0.712,0.3175,0.4065,0.43579,5.618,6.4904,0.33657,0.69754,0.87452,0.26063,0.89627,0.83601,0.93668,0.84474,3.1416
2,10,2,3,0.60432,1.228,0.3985,0.8245,0.31573,4.3338,5.1837,0.049725,0.40537,0.67061,0.42303,0.78199,0.56662,0.76131,0.60162,1.5708
2,10,2,3,0.78512,1.298,0.444,0.886,0.32985,4.1001,5.0709,0.051776,0.37692,0.75771,0.35221,0.90542,0.6986,0.8835,0.70019,1.6745
2,10,2,3,0.85862,1.187,0.425,0.748,0.35078,4.4835,5.0845,0.043431,0.41316,0.81171,0.31999,0.94422,0.77112,0.9151,0.73974,1.7625
2,10,3,1,0.93142,0.483,0.208,0.276,0.43048,5.3819,7.4128,1,1.019,0.85844,0.15608,0.91437,0.83645,0.90262,0.82627,1.1438
2,10,3,1,0.94351,0.465,0.2,0.262,0.43197,5.5902,8.4539,1,1.1097,0.89092,0.20565,0.93084,0.84269,0.93599,0.85023,1.2452
2,10,3,1,0.9495,0.484,0.21,0.274,0.43659,5.3708,8.7001,1,1.019,0.909,0.19877,0.95036,0.86108,0.93229,0.86755,1.1105
2,10,3,2,0.85774,0.6165,0.254,0.361,0.41382,6.4882,7.7366,0.26282,0.79572,0.84292,0.24111,0.88447,0.7767,0.90523,0.81219,1.2555
2,10,3,2,0.86042,0.605,0.2535,0.3545,0.41679,6.6116,7.2687,0.35156,0.80819,0.84572,0.20336,0.86606,0.78442,0.91429,0.82685,1.3783
2,10,3,2,0.89825,0.604,0.242,0.3615,0.40048,6.6225,7.7719,0.56998,0.84186,0.86347,0.28351,0.90276,0.81885,0.94441,0.82469,1.363
2,10,3,3,0.78786,1.003,0.302,0.713,0.30415,5.306,6.3822,0.027681,0.46503,0.68765,0.39114,0.90438,0.62767,0.8795,0.60439,2.4495
2,10,3,3,0.83299,1.049,0.276,0.759,0.27636,5.0733,6.4016,0.019887,0.48828,0.68846,0.39057,0.94208,0.63404,0.95129,0.6455,1.6486
2,10,3,3,0.80912,0.9485,0.2785,0.6755,0.29282,5.6109,6.5211,0.024438,0.50019,0.72715,0.39348,0.91145,0.65426,0.91909,0.6707,3.1416
