grp,pp,S,DID,peakVelL,peakVelR,MTL,MTR,accTimeL,accTimeR,decTimeL,decTimeR,accQL,accQR,IPerfL,IPerfR,IPerfEfL,IPerfEfR,HarmonicityL,HarmonicityR,fL,fR,vfTrajCircularityL,vfTrajCircularityR,vfCircularityL,vfCircularityR,q1L,q1R,q2L,q2R,q3L,q3R,q4L,q4R,maxangleL,maxangleR,MI,rho,flsPC,flsAmp,phDiffMean,phDiffStd,d4D,d3D,d2D,d1D,minPeakDelay,minPeakDelayNorm
1,2,1,1,0.83141,0.7765,1.694,1.7625,0.63,0.5865,1.06,1.111,0.36998,0.34315,3.1416,3.0196,3.2737,0.86946,0.072793,0.096797,0.29033,0.29033,0.66247,0.6794,0.43299,0.46588,0.92786,0.90888,0.64918,0.57472,0.89832,0.89504,0.56493,0.51604,2.8293,2.8535,0.71977,1,0.99401,0.58444,-0.023636,0.0041439,1.1883,0.17835,1.1182,-0.018561,-0.0155,-0.0183
1,2,1,1,0.76305,0.75745,1.7245,1.7235,0.608,0.5925,1.08,1.1395,0.35649,0.34032,3.0861,3.0879,3.2465,0.79731,0.085001,0.11984,0.30227,0.30227,0.68914,0.68686,0.41075,0.52794,0.85672,0.92437,0.64732,0.60028,0.90945,0.8087,0.60629,0.52399,2.1331,2.9616,0.67353,1,0.99385,0.59617,-0.036093,0.017451,1.161,0.24744,1.0811,-0.008192,-0.0455,-0.052769
1,2,1,1,0.75243,0.81194,1.846,1.8555,0.641,0.6345,1.223,1.2195,0.34078,0.33247,2.883,2.8682,3.1565,0.73496,0.065563,0.091711,0.26829,0.26829,0.70248,0.70613,0.36204,0.49646,0.88388,0.93303,0.61168,0.55586,0.8432,0.90065,0.6126,0.53524,3.1416,2.4405,0.72724,1,0.97834,0.59645,-0.068738,0.0097724,1.1959,0.24718,1.1228,-0.045055,0.0085,0.0092091
1,2,1,2,0.61808,0.71353,1.5945,1.623,0.573,0.5485,1.0195,1.0535,0.35416,0.33605,3.3377,2.4647,3.5624,0.47125,0.076047,0.081442,0.30141,0.30141,0.63159,0.64412,0.50053,0.42669,0.7653,0.82097,0.51359,0.53679,0.73599,0.83723,0.5569,0.5646,2.6338,3.1416,0.71182,1,0.97324,0.65888,0.056543,0.010306,1.1643,0.20584,1.107,0.026622,-0.013,-0.016306
1,2,1,2,0.83537,0.77039,1.7305,1.729,0.5715,0.5875,1.1735,1.1545,0.32551,0.33301,3.0754,2.3135,3.3633,0.4654,0.066873,0.093205,0.29871,0.28722,0.74794,0.66645,0.45421,0.45026,0.93168,0.84793,0.62416,0.55003,0.92636,0.88783,0.59145,0.58046,3.1416,2.2614,0.72196,1,0.98244,0.46661,0.029104,0.0070362,1.1766,0.21513,1.0933,0.01829,-0.042,-0.048541
1,2,1,2,0.76201,0.75925,1.5825,1.5715,0.523,0.554,1.045,1.002,0.33592,0.35028,3.363,2.5455,3.4973,0.2642,0.08532,0.10273,0.313,0.313,0.67185,0.64753,0.33327,0.41649,0.88606,0.87543,0.60556,0.59363,0.84625,0.83247,0.60427,0.58369,2.8973,3.1416,0.72371,1,0.98569,0.65219,0.065662,0.00921,1.1578,0.2367,1.0704,0.056054,-0.022,-0.027804
1,2,1,3,0.79424,0.82001,1.331,1.3085,0.4585,0.424,0.8765,0.902,0.33762,0.31694,3.9985,1.9867,4.0799,-0.24606,0.056069,0.052422,0.36821,0.36821,0.72337,0.72281,0.37419,0.353,0.93637,0.85495,0.69647,0.69055,0.84501,0.84744,0.61915,0.60219,2.6347,1.7707,0.80706,1,0.98468,0.73592,0.089169,0.0076257,1.1677,0.28922,1.0462,0.062887,0.0045,0.0067618
1,2,1,3,0.80293,0.76384,1.462,1.484,0.498,0.457,0.99,1.004,0.32429,0.32673,3.6402,1.7517,3.7078,-0.23855,0.053955,0.10052,0.32552,0.32552,0.7324,0.67956,0.35263,0.38132,0.8976,0.81397,0.64285,0.58153,0.9229,0.81574,0.65664,0.53554,3.1416,3.1416,0.71636,1,0.94849,0.75,0.05519,0.011375,1.1301,0.33183,1.0135,0.045881,-0.04,-0.05472
1,2,1,3,0.68426,0.75661,1.392,1.349,0.419,0.438,0.949,0.944,0.318,0.30827,3.8232,1.927,3.9562,-0.29371,0.046892,0.060957,0.37202,0.37202,0.69625,0.66517,0.42372,0.33154,0.81493,0.76103,0.59476,0.59488,0.81269,0.83792,0.59422,0.53021,2.9462,2.0579,0.73314,1,0.9291,0.84259,0.052284,0.0095222,1.1069,0.3142,1.0043,0.032741,-0.022,-0.031609
1,2,2,1,0.68461,0.70865,1.259,1.234,0.463,0.4315,0.767,0.8225,0.38259,0.34364,4.2274,4.3129,4.1882,0.79326,0.10905,0.29107,0.40023,0.40023,0.63093,0.73958,0.35603,0.51789,0.80421,0.8099,0.57265,0.56029,0.78083,0.83408,0.58492,0.5408,2.9055,3.1416,0.71475,1,0.9657,0.82016,-0.24086,0.028789,1.1492,0.35347,1.0758,-0.15646,0.0025,0.0039714
1,2,2,1,0.69084,0.76272,1.2415,1.2255,0.474,0.4115,0.7585,0.825,0.37248,0.32647,4.2868,4.3432,4.3898,0.82517,0.08951,0.09514,0.40409,0.40409,0.62987,0.71553,0.33623,0.47195,0.76685,0.85816,0.57006,0.55983,0.80921,0.9004,0.58212,0.52144,2.1555,2.0096,0.63951,1,0.97142,0.81352,-0.22656,0.026096,1.1367,0.33981,1.0534,-0.14802,-0.067,-0.10793
1,2,2,1,0.76866,0.77622,1.332,1.362,0.508,0.462,0.842,0.892,0.37734,0.34401,3.9954,3.9074,3.9493,0.97921,0.074903,0.12557,0.36821,0.36821,0.71869,0.80712,0.3209,0.58027,0.88192,0.84089,0.58891,0.53599,0.84626,0.94114,0.63022,0.52457,2.4488,2.3191,0.64504,1,0.95666,0.79698,-0.20896,0.013733,1.1455,0.33298,1.0644,-0.15629,-0.032,-0.048048
1,2,2,2,0.69407,0.71368,1.203,1.191,0.372,0.413,0.805,0.7715,0.32154,0.33924,4.4239,3.359,4.4118,0.15297,0.078434,0.16852,0.41594,0.41594,0.68436,0.66303,0.41424,0.42335,0.7837,0.78526,0.59351,0.57057,0.83485,0.84741,0.60213,0.50209,1.9616,3.1416,0.73115,1,0.95066,0.86263,-0.082505,0.012571,1.0879,0.39465,0.96331,-0.050971,-0.051,-0.084788
1,2,2,2,0.65621,0.6123,1.1925,1.198,0.3495,0.4315,0.838,0.758,0.29616,0.3475,4.4629,3.339,4.2197,0.45686,0.048229,0.16468,0.43777,0.43777,0.61769,0.64487,0.44316,0.51142,0.73148,0.75243,0.54905,0.54657,0.79134,0.76634,0.5939,0.50781,3.1416,3.095,0.68232,1,0.9729,0.83727,-0.075493,0.017554,1.0612,0.32817,0.96416,-0.046688,-0.058,-0.097275
1,2,2,2,0.76401,0.81392,1.167,1.157,0.38,0.422,0.783,0.741,0.32578,0.37257,4.5603,3.4572,4.6543,0.28199,0.076565,0.17823,0.43597,0.43597,0.74893,0.75931,0.34357,0.44062,0.89693,0.87292,0.63715,0.59838,0.84496,0.944,0.64623,0.56696,1.5708,3.1416,0.62533,1,0.95229,0.87862,-0.25002,0.024693,1.1169,0.45239,0.95208,-0.17847,-0.084,-0.14396
1,2,2,3,0.70359,0.70482,1.021,1.013,0.2745,0.2705,0.7465,0.7565,0.26162,0.26359,5.2125,2.5661,5.3108,-0.03211,0.071343,0.063461,0.47871,0.47871,0.67545,0.72127,0.4547,0.3773,0.91333,0.81492,0.58618,0.56513,0.73215,0.82318,0.57973,0.53925,3.1416,1.6939,0.7456,1,0.97093,0.88956,0.038679,0.0084504,1.0506,0.35013,0.90901,0.018257,-0.002,-0.0039177
1,2,2,3,0.80496,0.62289,0.931,0.9195,0.232,0.2405,0.675,0.671,0.25013,0.26383,5.7165,2.827,5.7019,-0.28998,0.053401,0.097104,0.49913,0.49913,0.65437,0.59085,0.33871,0.39049,0.81994,0.76542,0.57725,0.52064,0.94777,0.7408,0.58342,0.56933,1.5077,1.7572,0.7485,1,0.9657,0.91289,-0.036653,0.008649,1.0862,0.31108,0.97183,-0.023914,-0.0065,-0.013963
1,2,2,3,0.67361,0.7006,0.889,0.876,0.229,0.236,0.645,0.6465,0.26615,0.272,5.9864,2.9675,5.5843,0.227,0.034278,0.05086,0.55804,0.55804,0.64925,0.64637,0.34485,0.38941,0.81273,0.83192,0.56892,0.56922,0.76156,0.81794,0.57731,0.55775,2.193,1.677,0.79145,1,0.97715,0.93578,-0.070429,0.0076615,1.0733,0.31798,0.95479,-0.0638,-0.0175,-0.03937
1,2,3,1,0.6211,0.70834,1.126,1.095,0.414,0.369,0.727,0.749,0.36017,0.32941,4.7264,4.8602,4.5676,0.87494,0.052649,0.11058,0.47871,0.47871,0.68885,0.69211,0.34077,0.3822,0.76608,0.88043,0.57246,0.57318,0.71788,0.77362,0.63063,0.56535,2.3172,1.99,0.75349,1,0.97983,0.87169,-0.06972,0.010526,1.1485,0.31554,1.0499,-0.067547,-0.055,-0.097691
1,2,3,1,0.72559,0.78594,1.1065,1.1055,0.408,0.4065,0.7005,0.717,0.3689,0.35925,4.8097,4.814,4.7796,0.82761,0.084749,0.19863,0.44389,0.44389,0.7306,0.7624,0.3064,0.37256,0.80697,0.92479,0.6207,0.63995,0.82926,0.87248,0.6961,0.59441,1.5708,2.9274,0.74093,1,0.99069,0.80784,-0.10512,0.014019,1.1727,0.44098,1.017,-0.084589,-0.1225,-0.22142
1,2,3,1,0.70648,0.75249,1.144,1.132,0.378,0.38,0.75,0.751,0.31951,0.31902,4.652,4.7013,4.7198,0.99447,0.056548,0.089501,0.46165,0.46165,0.62489,0.69507,0.34006,0.37566,0.85353,0.91447,0.56001,0.59399,0.77838,0.86335,0.60593,0.5624,2.3444,3.1416,0.80647,1,0.99106,0.82525,-0.084086,0.0072856,1.1697,0.23811,1.0901,-0.063237,-0.033,-0.057692
1,2,3,2,0.66948,0.76155,0.936,0.925,0.254,0.287,0.674,0.637,0.27411,0.31144,5.6858,4.3243,5.803,0.26463,0.035928,0.09389,0.52083,0.52083,0.6524,0.61348,0.41337,0.40678,0.83505,0.87666,0.57499,0.56901,0.8257,0.86753,0.60108,0.54111,3.1416,2.039,0.74509,1,0.98072,0.90401,-0.061406,0.01008,1.1191,0.33946,0.99824,-0.051251,-0.031,-0.066239
1,2,3,2,0.71408,0.73996,0.938,0.914,0.281,0.239,0.655,0.678,0.29304,0.25762,5.6737,4.3764,5.3726,0.10865,0.05103,0.047497,0.54506,0.54506,0.74111,0.62827,0.344,0.42152,0.84815,0.86177,0.61423,0.58362,0.81655,0.82202,0.61328,0.55105,1.5708,2.0257,0.74322,1,0.99235,0.89291,-0.035006,0.0098991,1.095,0.42606,0.92958,-0.040699,-0.027,-0.057569
1,2,3,2,0.77008,0.74284,1.0585,1.051,0.2895,0.308,0.753,0.7315,0.27232,0.29966,5.0279,3.8059,5.1908,0.43605,0.044842,0.076064,0.4695,0.4695,0.68577,0.70384,0.37168,0.39419,0.88697,0.88292,0.60691,0.60743,0.8673,0.84899,0.64041,0.52865,1.5018,3.1416,0.75542,1,0.97349,0.87699,-0.027375,0.0080351,1.1064,0.39745,0.95219,-0.027563,-0.0255,-0.048181
1,2,3,3,0.6821,0.78436,0.962,0.962,0.271,0.269,0.692,0.702,0.2831,0.27884,5.5321,2.7021,5.5232,-0.083613,0.03591,0.044117,0.53267,0.53267,0.68676,0.64012,0.36986,0.36969,0.80043,0.87743,0.59793,0.57741,0.81255,0.86953,0.60874,0.59893,1.5201,2.0248,0.74956,1,0.98231,0.9099,0.073224,0.013717,1.1052,0.4178,0.93828,0.027009,0,0
1,2,3,3,0.71423,0.7755,0.9195,0.93,0.264,0.2505,0.6595,0.6605,0.28226,0.27447,5.7879,2.7951,5.8862,-0.96843,0.04166,0.051351,0.53074,0.53074,0.74851,0.67423,0.36089,0.38512,0.82132,0.79379,0.59233,0.62192,0.85205,0.84807,0.65847,0.55334,1.5051,1.5708,0.72484,1,0.95827,0.94206,0.11738,0.022778,1.0879,0.46168,0.90708,0.059675,0.0085,0.018488
1,2,3,3,0.63121,0.60276,0.8855,0.8915,0.246,0.221,0.644,0.674,0.2737,0.24368,6.0101,2.9158,6.0417,-0.33489,0.040308,0.037251,0.53267,0.53267,0.67341,0.65493,0.3663,0.44672,0.80582,0.75366,0.58536,0.57611,0.73217,0.73343,0.62605,0.50193,1.4715,2.3728,0.73176,1,0.97724,0.91975,0.054047,0.010804,1.059,0.38996,0.92325,0.026222,-0.0005,-0.0011293
1,3,1,1,0.83407,0.84514,1.7505,1.7255,0.667,0.643,1.031,1.056,0.37936,0.38954,3.0404,3.0844,3.0842,0.85421,0.10046,0.072036,0.3102,0.3102,0.76426,0.74892,0.36839,0.39469,0.92255,0.92797,0.70255,0.72901,0.90954,0.88092,0.691,0.64588,2.7879,2.7857,0.74354,1,0.9982,0.53871,0.088344,0.0080678,1.2933,0.17084,1.2349,0.050445,0.0135,0.015424
1,3,1,1,0.8389,0.86688,1.637,1.57,0.574,0.58,1.082,0.974,0.35913,0.36753,3.251,3.3898,3.253,1.136,0.084409,0.064527,0.31635,0.31635,0.7517,0.74461,0.34614,0.38329,0.93341,0.95038,0.73067,0.71645,0.86699,0.90452,0.64392,0.64128,3.1416,3.1416,0.75921,1,0.99542,0.53154,0.080822,0.0053788,1.2811,0.19065,1.2041,0.05546,0.01,0.012217
1,3,1,1,0.85732,0.77902,1.6555,1.696,0.6025,0.636,1.059,1.068,0.34532,0.36045,3.215,3.1381,3.3597,0.98225,0.054724,0.064105,0.29871,0.29871,0.7797,0.72944,0.3816,0.37917,0.93978,0.92222,0.69879,0.6749,0.92199,0.87772,0.67053,0.6527,3.1416,3.1416,0.72651,1,0.9989,0.52757,0.05025,0.0040225,1.3001,0.1602,1.2441,0.030901,-0.025,-0.030202
1,3,1,2,0.74516,0.78063,2.015,2.0435,0.763,0.764,1.242,1.226,0.38141,0.38701,2.6412,1.9575,2.8551,0.083878,0.11244,0.089106,0.2414,0.2414,0.75705,0.75584,0.34868,0.36607,0.89467,0.85042,0.66727,0.67659,0.86591,0.90793,0.64618,0.64022,2.9404,2.4368,0.73743,1,0.99852,0.47843,0.059789,0.0047154,1.2671,0.18782,1.2199,0.034795,0.0135,0.0134
1,3,1,2,0.875,0.81944,1.5355,1.5445,0.5735,0.59,0.961,0.9665,0.3778,0.37411,3.4659,2.5899,3.5773,0.28675,0.061587,0.052327,0.32124,0.32124,0.78375,0.77113,0.37316,0.38489,0.96292,0.88971,0.73536,0.75616,0.92634,0.85363,0.69331,0.60135,2.6427,3.1416,0.73385,1,0.99914,0.59861,0.08311,0.01038,1.2557,0.19373,1.1867,0.051956,-0.007,-0.0091176
1,3,1,2,0.90439,0.84263,1.5735,1.591,0.6045,0.604,0.972,0.991,0.37793,0.37597,3.3822,2.5141,3.5794,0.3217,0.052893,0.044322,0.313,0.313,0.80337,0.78376,0.40129,0.38214,0.97308,0.93863,0.74715,0.76679,0.93043,0.88483,0.7294,0.63105,2.8729,3.1416,0.72047,1,0.99901,0.59019,0.06699,0.0077303,1.2924,0.17224,1.2343,0.030941,-0.037,-0.047029
1,3,1,3,0.88266,0.86061,1.3005,1.276,0.469,0.459,0.817,0.824,0.35918,0.36776,4.0923,2.0372,4.3953,-0.12885,0.062832,0.051794,0.39673,0.39673,0.81251,0.77074,0.31879,0.29457,0.9535,0.90891,0.77444,0.7941,0.91963,0.87676,0.71089,0.61915,3.1416,1.7215,0.78637,1,0.97382,0.79989,0.079678,0.0061054,1.2185,0.31809,1.0969,0.054669,0.023,0.035371
1,3,1,3,0.79632,0.80577,1.3135,1.2915,0.486,0.4665,0.816,0.8225,0.36918,0.36907,4.0517,2.0127,4.0037,-0.092953,0.059254,0.031574,0.39405,0.39405,0.75865,0.76417,0.32955,0.24731,0.90174,0.85266,0.71981,0.74661,0.8662,0.82223,0.64822,0.63381,3.1416,2.5947,0.76653,1,0.99864,0.70192,0.074123,0.0054085,1.214,0.20746,1.1493,0.039695,0.01,0.015226
1,3,1,3,0.81938,0.80566,1.519,1.511,0.5,0.4795,0.998,1.091,0.34429,0.31142,3.5036,1.7204,3.9856,-0.16856,0.051919,0.023352,0.33854,0.33854,0.79622,0.7357,0.37237,0.35211,0.93398,0.88618,0.7269,0.73658,0.88726,0.86243,0.68628,0.56987,3.1416,3.1416,0.76217,1,0.9881,0.68338,0.062762,0.006734,1.2044,0.30405,1.0871,0.036139,0.03,0.0395
1,3,2,1,0.74465,0.81199,1.577,1.6515,0.613,0.668,0.957,0.952,0.39055,0.41225,3.375,3.2225,3.4308,0.54202,0.11439,0.11988,0.29668,0.29668,0.79277,0.77982,0.28508,0.3134,0.78905,0.85381,0.68946,0.71062,0.90889,0.91675,0.72658,0.74347,3.1416,2.8141,0.75704,1,0.99319,0.49392,0.098377,0.0087898,1.2461,0.23371,1.1935,0.059093,-0.0045,-0.005707
1,3,2,1,0.75895,0.86813,1.616,1.6455,0.5655,0.6535,1.03,0.995,0.36838,0.40282,3.2943,3.2342,3.606,0.81694,0.12419,0.10775,0.30353,0.30353,0.76311,0.82922,0.34416,0.28798,0.82382,0.90161,0.68347,0.76363,0.939,0.92905,0.73424,0.80198,2.8544,3.1416,0.74449,1,0.99757,0.52461,0.096053,0.011066,1.2937,0.28789,1.2181,0.065824,0.0445,0.055074
1,3,2,1,0.77962,0.81845,1.5245,1.4915,0.5895,0.574,0.9395,0.9225,0.38477,0.38617,3.491,3.5682,3.624,0.66809,0.11935,0.10828,0.33854,0.33854,0.79771,0.7909,0.3114,0.30198,0.80638,0.87409,0.69845,0.72121,0.93979,0.91013,0.76208,0.76294,3.1269,2.8251,0.76695,1,0.99974,0.59745,0.10197,0.008569,1.2731,0.32158,1.1892,0.06778,-0.0005,-0.00065595
1,3,2,2,0.80665,0.77966,1.3855,1.3415,0.5155,0.565,0.8485,0.8245,0.38229,0.40519,3.8412,2.9817,4.0091,0.46006,0.10077,0.10205,0.35903,0.35903,0.78152,0.75486,0.31001,0.27792,0.8223,0.7854,0.67292,0.69797,0.9333,0.88116,0.76942,0.73808,2.7475,1.8124,0.77622,1,0.99954,0.65032,0.10044,0.0072645,1.2365,0.27479,1.1729,0.065034,0.0485,0.070011
1,3,2,2,0.78191,0.78369,1.365,1.379,0.504,0.547,0.881,0.84,0.36466,0.39871,3.8988,2.9007,4.1072,0.38254,0.085561,0.09463,0.36821,0.36821,0.74221,0.80149,0.28276,0.27555,0.81161,0.81441,0.66005,0.68602,0.90403,0.9115,0.74674,0.78324,2.735,2.5436,0.7692,1,0.99875,0.62427,0.13155,0.010668,1.234,0.34797,1.1432,0.086011,0.056,0.082051
1,3,2,2,0.82335,0.86763,1.413,1.4115,0.533,0.5695,0.8705,0.8055,0.37854,0.42279,3.7664,2.8339,3.7158,0.096736,0.093797,0.089927,0.35903,0.35903,0.80582,0.8501,0.2892,0.28116,0.83346,0.88441,0.73462,0.81185,0.92127,0.91091,0.72716,0.78912,2.0788,3.1416,0.7716,1,0.99743,0.60219,0.10746,0.0089769,1.2173,0.42772,1.0919,0.090142,0.0645,0.091295
1,3,2,3,0.76813,0.84021,1.274,1.2475,0.4965,0.547,0.756,0.7225,0.39567,0.43489,4.1775,2.0837,3.7987,-0.088737,0.079785,0.06759,0.39405,0.39405,0.77323,0.81618,0.31644,0.224,0.78561,0.79831,0.69223,0.76219,0.90542,0.90142,0.75571,0.75968,2.0854,1.565,0.78915,1,0.99852,0.7072,0.12777,0.0098472,1.2167,0.33741,1.1403,0.077665,0.074,0.11617
1,3,2,3,0.78543,0.81476,1.306,1.325,0.487,0.5565,0.815,0.764,0.36525,0.42887,4.0751,1.9619,3.8067,-0.25599,0.0513,0.066508,0.38069,0.38069,0.83124,0.78574,0.30941,0.26013,0.82993,0.78523,0.71636,0.74804,0.9422,0.88829,0.76792,0.74672,1.6654,2.0699,0.78603,1,0.99148,0.72838,0.11706,0.012063,1.2105,0.44193,1.0954,0.069937,0.0905,0.13859
1,3,2,3,0.82544,0.86266,1.303,1.287,0.491,0.544,0.7925,0.732,0.3861,0.43187,4.0844,2.02,4.0574,-0.22855,0.061013,0.065207,0.38147,0.38147,0.83837,0.84237,0.30671,0.24616,0.87293,0.82854,0.75053,0.78523,0.96645,0.93124,0.80871,0.78188,3.1416,1.3777,0.76009,1,0.99428,0.71875,0.11324,0.010009,1.2275,0.40915,1.1248,0.071644,0.114,0.17498
1,3,3,1,0.86533,0.87026,1.3405,1.29,0.569,0.5665,0.7245,0.747,0.42093,0.42047,3.9722,4.1255,4.2141,1.2411,0.1129,0.072551,0.38365,0.38365,0.83291,0.83254,0.25514,0.23619,0.87089,0.88689,0.78005,0.75661,0.93604,0.92153,0.79034,0.78442,3.1416,2.9945,0.71477,1,0.99944,0.65309,0.05527,0.0051808,1.2933,0.19853,1.2516,0.03724,-0.0015,-0.002238
1,3,3,1,0.86947,0.8343,1.25,1.314,0.546,0.561,0.743,0.748,0.41912,0.41674,4.2575,4.0502,4.4941,1.0941,0.095981,0.083802,0.38365,0.38365,0.8403,0.82193,0.29418,0.27829,0.90869,0.87307,0.79187,0.78186,0.93888,0.90889,0.78125,0.76965,3.1416,2.8691,0.71387,1,0.99993,0.67255,0.034175,0.0038852,1.3028,0.21084,1.257,0.021941,-0.007,-0.0112
1,3,3,1,0.83754,0.90832,1.2945,1.278,0.513,0.5245,0.746,0.743,0.42685,0.40838,4.1125,4.1646,4.3721,1.1198,0.089435,0.08446,0.38726,0.38726,0.82518,0.85758,0.28362,0.28047,0.85233,0.91902,0.75036,0.81274,0.93231,0.90958,0.78769,0.78292,3.0835,2.4534,0.67992,1,0.99995,0.66994,-0.0056737,0.0043214,1.2818,0.19643,1.237,0.009703,-0.0095,-0.014677
1,3,3,2,0.83063,0.84934,1.1185,1.1145,0.4535,0.4695,0.63,0.629,0.4117,0.42286,4.7583,3.5891,4.9801,0.45985,0.079007,0.062046,0.45839,0.45839,0.80741,0.81993,0.24328,0.24337,0.84854,0.85344,0.7394,0.78917,0.88825,0.86458,0.79189,0.76919,1.9014,1.6699,0.72911,1,0.99951,0.77045,0.048556,0.0047057,1.2389,0.34759,1.1563,0.040058,-0.0085,-0.015199
1,3,3,2,0.82077,0.86178,1.3115,1.24,0.545,0.5245,0.754,0.7055,0.41858,0.41155,4.0579,3.2259,4.1399,0.64832,0.07732,0.071675,0.39378,0.39378,0.80488,0.82769,0.24651,0.29481,0.83643,0.88825,0.71655,0.78849,0.9326,0.89417,0.77596,0.76376,3.0055,1.8253,0.69191,1,0.99991,0.67703,0.051897,0.0071991,1.2666,0.2236,1.2171,0.035579,0.0295,0.044987
1,3,3,2,0.74197,0.8463,1.0655,1.081,0.443,0.466,0.6195,0.6275,0.42291,0.42566,4.9948,3.7003,5.0518,0.66802,0.072831,0.058954,0.48828,0.48828,0.75326,0.82699,0.28399,0.24823,0.794,0.87497,0.70808,0.79403,0.85323,0.8846,0.73072,0.76957,2.0637,2.029,0.73067,1,0.99983,0.78362,0.04625,0.003755,1.2462,0.26087,1.1993,0.030184,0.006,0.011262
1,3,3,3,0.86624,0.85608,1.007,1.0095,0.464,0.472,0.578,0.5575,0.43726,0.45748,5.2851,2.575,5.3394,-0.066972,0.10174,0.04867,0.49867,0.49867,0.83673,0.81958,0.24908,0.28414,0.84241,0.79086,0.77428,0.78444,0.92737,0.91889,0.81916,0.77599,3.1416,1.4578,0.80066,1,0.99348,0.85171,0.095673,0.0040803,1.2127,0.28831,1.1484,0.072612,0.0485,0.096326
1,3,3,3,0.8466,0.83755,1.0955,1.095,0.4915,0.479,0.62,0.604,0.43497,0.4465,4.858,2.374,5.2629,0.098452,0.10717,0.044805,0.4702,0.4702,0.83999,0.80096,0.24469,0.27574,0.85765,0.80179,0.77767,0.75649,0.91547,0.90857,0.80064,0.77395,2.9502,2.0302,0.74917,1,0.99081,0.835,0.060587,0.0028466,1.2235,0.30211,1.1537,0.045843,0.0045,0.0082154
1,3,3,3,0.82809,0.80852,1.1035,1.109,0.463,0.4975,0.624,0.599,0.42867,0.45246,4.8228,2.344,5.0783,0.22257,0.10525,0.045836,0.45211,0.45211,0.81815,0.78947,0.26397,0.23029,0.85164,0.83148,0.76855,0.73842,0.89988,0.83021,0.76574,0.75178,2.077,1.4768,0.78816,1,0.99998,0.75314,0.068896,0.0028827,1.2378,0.227,1.1984,0.051628,0.0495,0.089715
1,6,1,1,0.68675,0.66078,2.6945,2.6795,1.0475,0.968,1.579,1.743,0.39212,0.36792,1.9752,1.9862,2.1459,0.49487,0.26933,0.22789,0.17504,0.17504,0.7161,0.74226,0.39289,0.38831,0.74658,0.78619,0.64887,0.60671,0.77551,0.82988,0.6929,0.7083,3.1416,3.1416,0.73921,1,0.99963,0.34733,-0.043122,0.0042018,1.2361,0.35601,1.1351,-0.025737,-0.0215,-0.015958
1,6,1,1,0.60842,0.58845,3.0075,3.018,1.097,1.091,2.0015,1.946,0.36767,0.3433,1.7696,1.7637,1.8482,0.52744,0.29121,0.27238,0.13658,0.13658,0.65311,0.68337,0.51332,0.48186,0.69047,0.71763,0.5851,0.57753,0.82268,0.83433,0.61864,0.64641,3.1416,3.1416,0.74215,1,0.99949,0.27517,-0.041673,0.0068565,1.1645,0.31555,1.0699,-0.022888,0.0235,0.015628
1,6,1,1,0.71467,0.72995,2.252,2.262,0.824,0.756,1.475,1.563,0.345,0.32133,2.3632,2.3528,2.435,0.76107,0.13675,0.14062,0.17404,0.17404,0.69564,0.74192,0.33375,0.38379,0.75708,0.83375,0.60362,0.60562,0.90959,0.88917,0.64887,0.64639,3.1416,2.525,0.75069,1,0.9981,0.35495,-0.051924,0.0071293,1.2383,0.27652,1.1532,-0.030895,0,0
1,6,1,2,0.78659,0.80314,1.872,1.811,0.615,0.599,1.2275,1.279,0.33336,0.31651,2.8429,2.209,3.0798,0.33458,0.13887,0.1603,0.27011,0.27011,0.78646,0.79523,0.39155,0.37707,0.86314,0.82367,0.64825,0.61709,0.95053,0.93049,0.7349,0.75154,1.9457,3.1416,0.77118,1,0.99013,0.56664,-0.063243,0.0073827,1.2316,0.48032,1.057,-0.060282,-0.0165,-0.017628
1,6,1,2,0.717,0.74188,1.935,1.956,0.727,0.654,1.2595,1.318,0.35547,0.33181,2.7506,2.045,2.8173,0.36026,0.15297,0.21922,0.25391,0.25391,0.75055,0.73321,0.39797,0.3566,0.80699,0.79654,0.64858,0.66395,0.93926,0.88264,0.70103,0.70572,1.5708,1.5708,0.72893,1,0.99397,0.52055,-0.0336,0.0082733,1.2285,0.40721,1.1058,-0.018513,-0.0075,-0.0077519
1,6,1,2,0.77957,0.73467,1.801,1.819,0.684,0.664,1.125,1.166,0.375,0.35904,2.955,2.199,3.192,0.43359,0.12488,0.11241,0.23532,0.23532,0.74651,0.71186,0.34226,0.3382,0.82044,0.75744,0.63987,0.63637,0.90397,0.87621,0.70493,0.6832,1.8697,3.1416,0.74043,1,0.99561,0.48223,-0.05761,0.00656,1.228,0.29056,1.1418,-0.041226,0,0
1,6,1,3,0.71334,0.69309,1.564,1.642,0.552,0.554,1.053,1.053,0.34357,0.34517,3.4028,1.5831,3.6824,-0.17018,0.076488,0.098656,0.30839,0.30839,0.70897,0.72029,0.37546,0.3452,0.77157,0.76556,0.63748,0.60725,0.88775,0.87279,0.69924,0.681,2.8828,2.2863,0.72535,1,0.9773,0.65498,-0.0046345,0.012864,1.1996,0.38034,1.0946,-0.014042,0.01,0.012788
1,6,1,3,0.8105,0.7556,1.6725,1.705,0.6125,0.5695,1.092,1.1385,0.35225,0.31976,3.182,1.5246,3.439,0.12786,0.076495,0.07502,0.29185,0.29185,0.76817,0.76487,0.3581,0.35136,0.83888,0.82911,0.66434,0.61194,0.95496,0.90674,0.70011,0.7043,2.718,3.1416,0.73286,1,0.98794,0.6107,-0.032445,0.0055315,1.2153,0.36691,1.0969,-0.023291,-0.0085,-0.010164
1,6,1,3,0.78088,0.73669,1.669,1.7285,0.6375,0.6235,1.039,1.114,0.37362,0.35904,3.1887,1.504,3.3498,0.099123,0.092767,0.10091,0.28388,0.28388,0.75418,0.73523,0.32434,0.32645,0.83255,0.77706,0.67179,0.63577,0.8959,0.87253,0.68787,0.69234,2.8943,1.5708,0.73298,1,0.98869,0.59444,-0.022202,0.0073901,1.2158,0.34253,1.1173,-0.015323,-0.0125,-0.014979
1,6,2,1,0.81278,0.7413,1.9045,1.889,0.747,0.6675,1.146,1.2225,0.39461,0.365,2.7947,2.8174,3.1132,1.0225,0.15409,0.15167,0.27011,0.27011,0.7808,0.73013,0.34235,0.35526,0.89073,0.80681,0.72336,0.65445,0.91359,0.90192,0.72554,0.6996,2.2605,2.1232,0.74683,1,0.99872,0.52511,-0.081273,0.0093309,1.2879,0.29985,1.2049,-0.036803,-0.031,-0.032554
1,6,2,1,0.87282,0.80684,1.734,1.7315,0.6545,0.6115,1.079,1.1315,0.3862,0.34743,3.0692,3.0736,3.2444,1.0901,0.15898,0.11862,0.30438,0.30438,0.81541,0.79488,0.36021,0.3408,0.92861,0.86528,0.74948,0.70739,0.9461,0.92689,0.77258,0.74038,3.1416,2.0474,0.75696,1,0.99948,0.57121,-0.074758,0.0088034,1.2814,0.40586,1.14,-0.053142,-0.005,-0.005767
1,6,2,1,0.8198,0.8114,1.704,1.7225,0.677,0.5845,1.064,1.1455,0.39475,0.33341,3.1232,3.0897,3.3681,1.1242,0.13058,0.085081,0.29524,0.29524,0.79585,0.80173,0.30105,0.37644,0.8685,0.86249,0.71564,0.68093,0.91597,0.95849,0.76184,0.70666,3.0374,2.009,0.79564,1,0.99823,0.57035,-0.10509,0.0075854,1.267,0.38894,1.1423,-0.088266,-0.021,-0.024648
1,6,2,2,0.84168,0.81043,1.639,1.663,0.647,0.597,1.004,1.028,0.40211,0.36825,3.2471,2.4053,3.511,0.65883,0.10069,0.10216,0.28646,0.28646,0.8163,0.76889,0.33205,0.33695,0.91033,0.81471,0.7499,0.65589,0.91091,0.92428,0.76966,0.76889,3.1416,2.0969,0.73237,1,0.99511,0.57342,-0.025721,0.015854,1.2609,0.36962,1.1422,-0.0023213,0.003,0.0036608
1,6,2,2,0.85077,0.79401,1.4205,1.4345,0.5515,0.51,0.8895,0.898,0.37759,0.36897,3.7466,2.7885,3.9257,0.70017,0.092439,0.083415,0.34386,0.34386,0.82481,0.7812,0.31688,0.30705,0.9197,0.83524,0.76216,0.66355,0.89647,0.91975,0.7749,0.77007,3.1416,2.3036,0.7385,1,0.99972,0.62372,-0.036551,0.015117,1.2602,0.42501,1.1134,-0.012315,0.0025,0.0035199
1,6,2,2,0.82897,0.82712,1.465,1.4885,0.5995,0.5165,0.883,0.9425,0.41134,0.35549,3.6327,2.6873,3.9495,0.63336,0.10904,0.097038,0.34782,0.34782,0.81579,0.7985,0.31976,0.37648,0.90199,0.88024,0.74565,0.68439,0.9089,0.92907,0.77043,0.77252,1.6879,1.4934,0.73756,1,0.99922,0.63957,-0.01015,0.0072974,1.2672,0.42796,1.1109,-0.011748,0.0005,0.00068259
1,6,2,3,0.82823,0.85557,1.2485,1.271,0.4815,0.4615,0.764,0.8045,0.39237,0.36754,4.2627,2.0452,4.3017,-0.0076818,0.083804,0.082418,0.40303,0.40303,0.82301,0.82731,0.28716,0.28649,0.87898,0.85466,0.77154,0.75474,0.90139,0.92949,0.74649,0.76372,2.3584,1.5708,0.73956,1,0.99245,0.75368,0.050215,0.01224,1.2342,0.50706,1.0506,0.029742,0.0025,0.0040048
1,6,2,3,0.88737,0.8777,1.265,1.2545,0.518,0.4655,0.7265,0.8005,0.40962,0.36297,4.2071,2.0722,4.486,0.27805,0.073169,0.072829,0.39725,0.39725,0.86786,0.82915,0.30651,0.33061,0.92947,0.87648,0.8051,0.74608,0.93348,0.94566,0.82854,0.78218,1.5708,1.3832,0.74359,1,0.98865,0.76129,-0.026111,0.0089268,1.2692,0.55269,1.0652,-0.021252,-0.0215,-0.033992
1,6,2,3,0.84343,0.87868,1.273,1.259,0.506,0.444,0.754,0.812,0.3995,0.35188,4.1806,2.0647,4.4214,0.3388,0.089613,0.081677,0.40409,0.40409,0.83236,0.8099,0.27463,0.32784,0.91543,0.879,0.78096,0.73144,0.90435,0.9133,0.78909,0.75515,2.6725,1.4498,0.74426,1,0.97847,0.79812,-0.032217,0.0090269,1.2463,0.54901,1.0366,-0.036926,-0.01,-0.015711
1,6,3,1,0.87044,0.801,1.882,1.8325,0.688,0.6795,1.139,1.183,0.38946,0.37143,2.8279,2.9042,3.3948,0.88697,0.10411,0.13356,0.26537,0.26537,0.81766,0.75852,0.34223,0.36959,0.92676,0.85315,0.72483,0.67996,0.93926,0.9164,0.76956,0.73576,3.1416,2.2397,0.7465,1,0.99707,0.52926,-0.046992,0.0058187,1.3073,0.26235,1.225,-0.024934,-0.047,-0.049947
1,6,3,1,0.86091,0.86586,1.479,1.526,0.625,0.5855,0.8525,0.9385,0.42279,0.3802,3.5987,3.4875,3.9885,1.147,0.11886,0.1132,0.32552,0.32552,0.83432,0.8452,0.29959,0.31792,0.89385,0.89959,0.76413,0.71535,0.90945,0.93141,0.81777,0.82304,2.9219,2.3474,0.74187,1,0.99981,0.58441,-0.035614,0.0055727,1.2964,0.30226,1.2056,-0.028772,-0.0235,-0.031778
1,6,3,1,0.85356,0.87733,1.759,1.7635,0.7075,0.6365,1.0375,1.111,0.40736,0.36393,3.0256,3.0178,3.5414,1.1677,0.10039,0.098651,0.27743,0.27743,0.81834,0.79431,0.24589,0.34171,0.89662,0.91231,0.7417,0.73882,0.93155,0.92982,0.79542,0.73439,3.0974,2.2357,0.74759,1,0.99926,0.53184,-0.04282,0.0037684,1.3117,0.24666,1.2379,-0.035981,-0.02,-0.02274
1,6,3,2,0.8966,0.86902,1.2305,1.2425,0.536,0.477,0.6745,0.75,0.43781,0.39098,4.325,3.2194,4.6654,0.8757,0.10084,0.062234,0.41853,0.41853,0.88749,0.83296,0.26877,0.33095,0.92119,0.88318,0.84775,0.75623,0.91309,0.90833,0.87016,0.81228,1.9508,1.5708,0.74439,1,0.995,0.76183,-0.026968,0.0090803,1.2782,0.41758,1.143,-0.022703,-0.018,-0.029256
1,6,3,2,0.88104,0.89786,1.3385,1.3335,0.575,0.5245,0.7895,0.8295,0.42518,0.37775,3.9762,2.9996,4.5608,0.65234,0.1198,0.057311,0.34467,0.37339,0.85145,0.84423,0.26876,0.32325,0.90695,0.91651,0.79468,0.79359,0.92584,0.92221,0.81321,0.76593,2.9695,1.5708,0.7325,1.0833,0.84619,0.63806,1.9022,0.90273,1.2819,0.38743,1.1589,-0.90981,-0.027,-0.040344
1,6,3,2,0.86398,0.83358,1.3075,1.298,0.572,0.4875,0.7335,0.8165,0.44142,0.37154,4.0704,3.0817,4.6277,0.66315,0.076402,0.049217,0.3756,0.3756,0.84459,0.79896,0.31628,0.29472,0.89556,0.88374,0.78352,0.73037,0.91273,0.90122,0.81772,0.75604,1.8327,1.5249,0.75361,1,0.99375,0.71402,-0.074612,0.0056371,1.2762,0.39715,1.1589,-0.071619,-0.038,-0.058126
1,6,3,3,0.91268,0.92376,1.135,1.13,0.519,0.457,0.642,0.7,0.43514,0.39027,4.6889,2.3004,5.1992,0.032121,0.087229,0.08647,0.44041,0.44041,0.88004,0.85273,0.32748,0.30581,0.91386,0.8916,0.83824,0.79568,0.9204,0.93639,0.84453,0.79187,2.054,1.4523,0.73449,1,0.98192,0.83041,-0.0016104,0.0072039,1.2598,0.52314,1.0788,-0.0041511,-0.001,-0.0017621
1,6,3,3,0.88578,0.86291,1.236,1.248,0.547,0.49,0.698,0.737,0.44156,0.39138,4.3058,2.0829,4.7142,0.086967,0.066307,0.060006,0.38365,0.38365,0.86862,0.81295,0.28428,0.27919,0.91326,0.87312,0.8158,0.74647,0.90897,0.89373,0.83244,0.74524,1.7249,1.3696,0.75569,1,0.9755,0.77975,-0.03265,0.0066553,1.2449,0.45616,1.0976,-0.025648,-0.021,-0.033981
1,6,3,3,0.86812,0.81341,1.1725,1.1655,0.5095,0.487,0.6395,0.654,0.44955,0.43035,4.539,2.2304,4.9106,-0.05442,0.073449,0.084693,0.42969,0.42969,0.85037,0.79746,0.26227,0.24936,0.88505,0.80975,0.79721,0.76211,0.9154,0.88507,0.84366,0.76548,3.0314,1.5708,0.74383,1,0.98683,0.80535,-0.017032,0.0034129,1.2397,0.40221,1.1345,-0.013965,-0.0045,-0.0076759
1,8,1,1,0.8253,0.81964,1.967,2.006,0.683,0.6565,1.329,1.363,0.34337,0.33074,2.7056,2.653,2.9259,0.60008,0.087208,0.057578,0.24172,0.24172,0.71597,0.73795,0.38766,0.35509,0.90705,0.91311,0.6176,0.64856,0.9316,0.92327,0.68622,0.69525,3.0201,2.8187,0.80383,1,0.99819,0.43325,0.054221,0.0022954,1.237,0.18754,1.1643,0.044968,0.0315,0.032028
1,8,1,1,0.75745,0.73154,1.8845,1.9025,0.6315,0.5795,1.274,1.2975,0.33942,0.30684,2.8244,2.7974,3.0483,0.59104,0.079001,0.05351,0.24671,0.24671,0.77408,0.72442,0.3842,0.38588,0.86525,0.85478,0.60336,0.59547,0.92059,0.86622,0.65721,0.66927,2.8819,2.3476,0.80252,1,0.99967,0.45612,0.049574,0.0026407,1.2014,0.21322,1.1191,0.039872,0.021,0.022287
1,8,1,1,0.7694,0.78678,2.109,2.091,0.7195,0.6705,1.3625,1.397,0.34923,0.32939,2.5235,2.5452,2.8091,0.59612,0.0879,0.053684,0.25599,0.25599,0.71435,0.76203,0.40928,0.33711,0.87882,0.921,0.59726,0.67345,0.91922,0.8963,0.67645,0.69114,3.1292,2.8521,0.81211,1,0.99884,0.46143,0.070167,0.0039567,1.213,0.1886,1.1431,0.04808,0.0365,0.034614
1,8,1,2,0.82974,0.80856,1.335,1.323,0.4735,0.4415,0.8135,0.8345,0.37244,0.35128,3.9865,3.0235,4.0934,0.45658,0.054621,0.04257,0.40303,0.40303,0.75571,0.73668,0.31924,0.31755,0.89494,0.88765,0.7209,0.65285,0.91294,0.85846,0.68411,0.71631,2.8138,3.0445,0.74776,1,0.99979,0.70083,0.048928,0.0036036,1.2293,0.15642,1.1706,0.028611,0.0175,0.026217
1,8,1,2,0.78286,0.71042,1.61,1.7395,0.565,0.56,1.0895,1.1285,0.34604,0.3312,3.3056,2.2995,3.5184,0.58014,0.076573,0.06034,0.29415,0.29415,0.72886,0.68334,0.37377,0.37791,0.86984,0.84259,0.62851,0.59651,0.9024,0.85377,0.69188,0.68148,3.1416,1.9019,0.77358,1,0.99883,0.51987,0.045064,0.0027016,1.2282,0.1879,1.1586,0.032182,0.027,0.03354
1,8,1,2,0.81829,0.88262,1.522,1.532,0.468,0.465,1.042,1.072,0.30586,0.3088,3.4967,2.611,3.8985,0.23021,0.045085,0.041256,0.33053,0.33053,0.73804,0.77506,0.3761,0.35649,0.90676,0.88481,0.62957,0.6869,0.94893,0.93954,0.71607,0.70545,2.3635,1.7684,0.78468,1,0.99641,0.63632,0.073328,0.0048354,1.2258,0.25429,1.1171,0.045306,0.045,0.059133
1,8,1,3,0.89452,0.83158,1.398,1.413,0.463,0.439,0.92,0.965,0.3338,0.31625,3.8068,1.8397,4.2833,-0.0067897,0.052922,0.035898,0.35807,0.35807,0.81029,0.77155,0.3648,0.25892,0.95866,0.90306,0.70078,0.66038,0.94516,0.8646,0.7319,0.68778,2.222,3.1416,0.80944,1,0.99928,0.65103,0.062664,0.0028862,1.2326,0.22017,1.142,0.04335,0.035,0.050072
1,8,1,3,0.87909,0.79339,1.433,1.4295,0.495,0.4555,0.925,0.9635,0.34536,0.31941,3.7138,1.8184,3.8996,0.017504,0.049108,0.036835,0.34386,0.34386,0.77662,0.73172,0.35866,0.30517,0.92927,0.87646,0.69368,0.67069,0.94877,0.87929,0.71477,0.68066,2.593,1.8458,0.82208,1,0.99622,0.65532,0.061767,0.003503,1.2292,0.20889,1.1447,0.043739,0.002,0.0027913
1,8,1,3,0.87709,0.87498,1.378,1.389,0.411,0.434,0.969,0.933,0.31691,0.32329,3.8621,1.8715,3.9826,0.081906,0.04942,0.03785,0.35807,0.35807,0.77554,0.78133,0.35587,0.30623,0.91087,0.92352,0.66091,0.72181,0.94229,0.90013,0.72068,0.69444,3.1416,1.5708,0.81849,1,0.9995,0.64477,0.076067,0.0045868,1.2157,0.24328,1.1127,0.046608,0.036,0.05225
1,8,2,1,0.82326,0.85351,1.587,1.5665,0.5635,0.619,1.031,0.9455,0.36247,0.36739,3.3535,3.3974,3.5484,0.9785,0.076056,0.05386,0.31672,0.31672,0.78195,0.81227,0.32214,0.2984,0.90977,0.91559,0.69305,0.69444,0.91231,0.90436,0.74508,0.78687,2.7179,2.0444,0.74674,1,0.99917,0.55712,0.017177,0.0020723,1.266,0.20016,1.193,0.019782,0.013,0.016383
1,8,2,1,0.81973,0.82078,1.751,1.7475,0.592,0.6,1.115,1.14,0.35459,0.34405,3.0394,3.0456,3.2425,0.97017,0.079098,0.046005,0.30307,0.30307,0.78781,0.76143,0.31724,0.32048,0.89812,0.91445,0.69955,0.67755,0.92029,0.88725,0.69305,0.71664,3.0603,2.717,0.73382,1,0.99929,0.57202,0.0047911,0.0014896,1.2698,0.16709,1.2028,0.0058922,-0.008,-0.0091376
1,8,2,1,0.82587,0.79937,1.6,1.62,0.573,0.558,1.043,1.045,0.36517,0.33682,3.3262,3.2851,3.582,1.2256,0.092816,0.061318,0.31137,0.31137,0.78349,0.75364,0.31728,0.33414,0.85872,0.86905,0.68922,0.66459,0.93434,0.91441,0.74426,0.73513,2.1706,2.5846,0.75674,1,0.99992,0.56327,0.026538,0.0015108,1.2771,0.18312,1.2065,0.023565,0.004,0.005
1,8,2,2,0.89476,0.86031,1.426,1.4405,0.5145,0.487,0.9145,0.929,0.35468,0.34186,3.7321,2.7768,3.8739,0.59743,0.060512,0.039479,0.34386,0.34386,0.80767,0.79014,0.33219,0.34708,0.92826,0.90357,0.73255,0.68046,0.95432,0.92176,0.76093,0.75653,3.1416,3.0912,0.73539,1,0.99985,0.60728,0.012724,0.0024053,1.2611,0.20447,1.1743,0.011251,0.009,0.012623
1,8,2,2,0.90129,0.84415,1.476,1.492,0.482,0.493,0.98,0.977,0.32112,0.33537,3.6056,2.681,4.1261,0.69564,0.079093,0.042522,0.34265,0.34265,0.81586,0.78002,0.35231,0.33948,0.94117,0.90662,0.71674,0.66744,0.96242,0.90853,0.75971,0.7596,1.924,1.744,0.76653,1,0.9997,0.62347,0.029025,0.0015639,1.2825,0.23661,1.1893,0.022378,0,0
1,8,2,2,0.85797,0.85108,1.383,1.368,0.474,0.474,0.91,0.917,0.34772,0.34868,3.8481,2.924,4.1198,0.4298,0.087725,0.047618,0.3522,0.3522,0.78732,0.78397,0.33643,0.32606,0.92816,0.89695,0.69796,0.70604,0.92693,0.9122,0.71727,0.72098,3.1416,1.6809,0.76764,1,0.99882,0.65031,0.030476,0.0019932,1.2553,0.27406,1.1451,0.029857,0,0
1,8,2,3,0.83241,0.80735,1.331,1.3385,0.445,0.4645,0.882,0.867,0.33757,0.33512,3.9985,1.9421,4.4949,0.15956,0.044227,0.038686,0.37042,0.37042,0.78729,0.77373,0.33132,0.34133,0.87225,0.86551,0.66618,0.61646,0.93363,0.86095,0.74974,0.77642,2.23,2.0222,0.73284,1,0.99762,0.6848,0.0054408,0.002014,1.2321,0.26682,1.1217,0.0053474,0.0115,0.01728
1,8,2,3,0.82979,0.81602,1.325,1.318,0.437,0.4535,0.869,0.858,0.34413,0.34761,4.0166,1.9723,4.5896,-0.10706,0.055808,0.058894,0.38147,0.38147,0.78471,0.79096,0.36425,0.32098,0.88811,0.88014,0.68022,0.62314,0.92534,0.85744,0.76355,0.81425,3.0854,1.5275,0.737,1,0.99268,0.72636,-0.020481,0.0046682,1.2234,0.2795,1.1209,-0.007476,0.0215,0.032453
1,8,2,3,0.85576,0.8463,1.377,1.43,0.452,0.4915,0.9305,0.9305,0.33906,0.34622,3.8649,1.8178,3.9931,0.3241,0.054901,0.047858,0.34877,0.34877,0.77957,0.79139,0.37118,0.3146,0.90694,0.89746,0.69197,0.67406,0.90845,0.90008,0.74309,0.78489,2.7319,1.5708,0.77645,1,0.99991,0.62528,0.031958,0.0017697,1.2295,0.22934,1.1309,0.026472,-0.0075,-0.010893
1,8,3,1,0.86842,0.82238,1.457,1.4375,0.523,0.533,0.9375,0.938,0.35354,0.36928,3.6527,3.7022,3.9897,1.0355,0.061648,0.042654,0.33908,0.33908,0.80569,0.80182,0.33777,0.28691,0.90351,0.89445,0.71613,0.69446,0.94046,0.90802,0.74449,0.75691,3.1416,2.4537,0.74038,1,0.99808,0.5791,0.032286,0.0020283,1.2673,0.22718,1.1805,0.022882,0.0085,0.011668
1,8,3,1,0.83184,0.87924,1.4335,1.493,0.501,0.521,0.957,0.9285,0.3494,0.35446,3.7126,3.5646,3.8019,0.99916,0.090396,0.057242,0.33908,0.33908,0.77912,0.8029,0.31986,0.33326,0.90049,0.93343,0.7014,0.75102,0.92389,0.90637,0.71178,0.74066,3.0483,2.0977,0.78747,1,0.99955,0.59398,0.055072,0.0026471,1.2611,0.28278,1.1483,0.049382,0.0025,0.003488
1,8,3,1,0.83428,0.88392,1.364,1.388,0.4655,0.5235,0.9,0.868,0.34534,0.37566,3.9018,3.8343,4.0596,1.0341,0.075544,0.035435,0.37435,0.37435,0.81301,0.84055,0.31854,0.29241,0.88986,0.92635,0.71475,0.76849,0.928,0.90654,0.7335,0.76766,2.3436,2.2113,0.78677,1,0.99779,0.62419,0.064408,0.0036448,1.2725,0.29891,1.1596,0.048479,0.0445,0.065249
1,8,3,2,0.85535,0.86321,1.359,1.341,0.4895,0.4805,0.8895,0.8775,0.35788,0.3569,3.9161,2.9828,4.1426,0.47791,0.072666,0.056163,0.35903,0.35903,0.78672,0.81584,0.32122,0.33567,0.9174,0.92877,0.73324,0.75485,0.89829,0.91626,0.731,0.77283,3.0421,3.1416,0.7674,1,0.99821,0.60735,0.052884,0.0032612,1.2637,0.32673,1.1359,0.043288,0.016,0.023547
1,8,3,2,0.88479,0.83613,1.2905,1.2875,0.4425,0.4855,0.822,0.8115,0.35337,0.38425,4.1239,3.1068,4.1755,0.41009,0.12307,0.084192,0.38752,0.38752,0.84419,0.79277,0.31841,0.31626,0.94141,0.89812,0.79539,0.7343,0.92512,0.86843,0.73355,0.74281,1.975,1.4839,0.79023,1,0.99963,0.68649,0.050908,0.0026709,1.2565,0.44229,1.0833,0.045123,0.0225,0.03487
1,8,3,2,0.88093,0.88929,1.311,1.3095,0.434,0.4795,0.8745,0.827,0.33382,0.36534,4.0595,3.0546,4.3955,0.45414,0.075714,0.065891,0.37287,0.37287,0.81108,0.82424,0.36183,0.29746,0.93398,0.91504,0.71684,0.72314,0.93805,0.87785,0.73121,0.76574,2.8598,1.5708,0.78992,1,0.99986,0.66287,0.065168,0.0028243,1.2546,0.3514,1.1033,0.06116,0.0375,0.057208
1,8,3,3,0.89458,0.89708,1.096,1.123,0.4075,0.4505,0.7055,0.663,0.36812,0.40987,4.8558,2.3148,5.1132,0.09067,0.092015,0.086754,0.44389,0.44389,0.84232,0.84057,0.31435,0.2959,0.92583,0.90929,0.7764,0.74212,0.93187,0.8845,0.7461,0.8217,1.5976,1.4398,0.76514,1,0.99829,0.7705,0.047044,0.0026639,1.2291,0.40888,1.0816,0.035504,0.0375,0.068431
1,8,3,3,0.88482,0.86836,1.175,1.165,0.426,0.47,0.747,0.719,0.35871,0.39547,4.5293,2.2313,4.5384,0.30409,0.076956,0.061921,0.42969,0.42969,0.83709,0.84228,0.28565,0.26587,0.93198,0.92089,0.79076,0.76457,0.91201,0.87768,0.73559,0.79487,3.0714,1.5214,0.7421,1,0.99511,0.77441,0.03686,0.0032436,1.2385,0.41463,1.0853,0.032307,0.013,0.022128
1,8,3,3,0.78006,0.7195,1.1475,1.1795,0.381,0.4385,0.7595,0.739,0.35049,0.36357,4.6379,2.204,4.6439,0.085073,0.058341,0.040471,0.41853,0.41853,0.73509,0.72403,0.28832,0.25609,0.85922,0.81007,0.68332,0.62979,0.85659,0.77431,0.6765,0.68465,2.379,2.371,0.80191,1,0.99969,0.69993,0.065811,0.0030144,1.1869,0.27599,1.1123,0.052082,0.017,0.02963
1,9,1,1,0.76448,0.74629,2.036,1.991,0.665,0.621,1.352,1.364,0.33223,0.33104,2.6139,2.673,2.5671,0.63485,0.070626,0.054789,0.23872,0.23872,0.75611,0.71421,0.31219,0.38061,0.90075,0.88087,0.6936,0.69215,0.87046,0.80708,0.64876,0.58138,3.1416,3.0547,0.73283,1,0.99896,0.46327,0.092513,0.017851,1.2049,0.30703,1.1026,0.048827,0.002,0.0019646
1,9,1,1,0.76716,0.77002,1.978,1.902,0.701,0.646,1.3475,1.283,0.34044,0.33634,2.6906,2.7981,2.5876,0.55538,0.075911,0.049969,0.25647,0.25647,0.72359,0.69436,0.34854,0.37509,0.89146,0.87943,0.6972,0.73558,0.79463,0.77087,0.61362,0.58909,3.1416,3.1416,0.76989,1,0.9951,0.44659,0.092564,0.010088,1.1939,0.28055,1.1066,0.061718,0.0425,0.042973
1,9,1,1,0.82753,0.78157,1.913,1.887,0.63,0.628,1.313,1.324,0.32631,0.32894,2.782,2.8203,3.0373,0.64299,0.076906,0.044009,0.24414,0.24414,0.78321,0.74507,0.3658,0.33805,0.95075,0.92643,0.72457,0.74498,0.89898,0.80351,0.71484,0.60436,3.1416,2.3274,0.80837,1,0.99856,0.4426,0.13743,0.013031,1.2446,0.28271,1.1575,0.08405,0.043,0.044956
1,9,1,2,0.79618,0.804,1.5,1.5545,0.484,0.4585,1.0395,1.0815,0.31505,0.31009,3.548,2.5732,3.4114,0.04235,0.066902,0.053243,0.30438,0.30438,0.79665,0.78051,0.32451,0.30537,0.91408,0.87009,0.72201,0.7161,0.90038,0.87111,0.70735,0.70753,2.1187,1.6993,0.77758,1,0.99982,0.5593,0.11975,0.021808,1.203,0.49961,1.0217,0.080105,0.0085,0.011333
1,9,1,2,0.8255,0.75569,1.6675,1.7645,0.5495,0.548,1.1305,1.165,0.32154,0.31883,3.1916,2.2672,3.1831,0.093687,0.049363,0.042904,0.28884,0.28884,0.76685,0.77629,0.32349,0.30661,0.93123,0.8838,0.73086,0.70093,0.86623,0.81591,0.69184,0.60324,2.6887,1.5708,0.75963,1,0.99696,0.56773,0.11326,0.013276,1.2182,0.32938,1.1007,0.065636,0.039,0.046777
1,9,1,2,0.88379,0.83509,1.4665,1.457,0.4565,0.4405,0.996,1.003,0.31642,0.30853,3.629,2.7454,3.7239,-0.016971,0.050915,0.035227,0.32106,0.32106,0.82427,0.7626,0.36093,0.32238,0.9499,0.89864,0.75795,0.73438,0.93568,0.86144,0.76504,0.65854,1.6655,1.5708,0.78553,1,0.99425,0.63339,0.12193,0.013974,1.221,0.47485,1.0339,0.092229,0.0105,0.01432
1,9,1,3,0.76322,0.78043,1.4365,1.435,0.4935,0.4815,0.912,0.9215,0.35735,0.34328,3.7051,1.8119,3.6762,-0.20262,0.083316,0.085996,0.35652,0.35652,0.77345,0.74535,0.29358,0.29912,0.87946,0.83596,0.72314,0.70111,0.84524,0.81534,0.69177,0.65243,1.7687,1.2412,0.79066,1,0.99921,0.64973,0.092116,0.0090864,1.1892,0.5004,1.0096,0.073542,0.0075,0.010442
1,9,1,3,0.81345,0.82784,1.328,1.33,0.433,0.4135,0.8885,0.9145,0.32682,0.31548,4.0075,1.9545,3.9109,-0.42875,0.096167,0.083008,0.36439,0.36439,0.8249,0.78914,0.3139,0.28746,0.90146,0.86572,0.71941,0.73095,0.93922,0.89578,0.77111,0.70643,1.5516,1.5708,0.83569,1,0.98802,0.71908,0.13653,0.0098257,1.2063,0.59395,0.98571,0.11785,0.019,0.028614
1,9,1,3,0.87547,0.73134,1.318,1.291,0.437,0.412,0.848,0.865,0.33602,0.32,4.0379,2.0135,3.9492,-1.1684,0.082369,0.073252,0.38726,0.38726,0.84853,0.68594,0.27227,0.30179,0.91848,0.75227,0.77683,0.7271,0.92692,0.83998,0.78896,0.52099,1.5708,1.5708,0.76386,1,0.93717,0.83454,0.12672,0.020451,1.1305,0.61831,0.91884,0.076749,0.007,0.010622
1,9,2,1,0.75128,0.8573,1.3995,1.3965,0.456,0.4495,0.9435,0.907,0.32526,0.34103,3.8048,3.8109,4.1637,0.84358,0.075578,0.04738,0.3522,0.3522,0.72969,0.80974,0.3514,0.31514,0.79612,0.92027,0.60033,0.75108,0.94264,0.90504,0.72221,0.74427,3.1416,1.5326,0.7672,1,0.99963,0.63654,0.079571,0.0073897,1.2479,0.35665,1.1184,0.062571,0.0375,0.053591
1,9,2,1,0.79976,0.87879,1.4,1.409,0.459,0.449,0.935,0.94,0.32549,0.32071,3.8014,3.7771,3.7089,0.70728,0.069119,0.030181,0.35095,0.35095,0.79495,0.80692,0.33912,0.32113,0.83099,0.93858,0.61196,0.75185,0.93674,0.93296,0.72214,0.72851,1.9311,2.7533,0.74169,1,0.99854,0.59992,0.031377,0.0077721,1.2319,0.36934,1.0847,0.03608,0.012,0.017143
1,9,2,1,0.74079,0.839,1.441,1.536,0.486,0.496,1.019,0.98,0.32695,0.33477,3.6932,3.4648,3.7235,0.7778,0.072438,0.047871,0.31595,0.31595,0.69147,0.78123,0.34676,0.31694,0.80101,0.89823,0.5764,0.73163,0.89442,0.89992,0.69005,0.69097,2.3162,2.6375,0.70605,1,0.99544,0.53151,0.10814,0.019698,1.2243,0.30037,1.1318,0.061314,0.022,0.030534
1,9,2,2,0.77247,0.84613,1.1325,1.134,0.369,0.338,0.7525,0.815,0.32978,0.29974,4.6998,3.5273,5.003,0.39281,0.051333,0.044831,0.4534,0.4534,0.80031,0.79359,0.36029,0.29449,0.85772,0.89518,0.67761,0.68399,0.93451,0.89748,0.71316,0.71467,2.0157,1.6725,0.7625,1,0.99824,0.7758,0.064301,0.0078962,1.2284,0.47421,1.0527,0.032467,-0.0105,-0.018543
1,9,2,2,0.90465,0.87598,1.156,1.157,0.363,0.334,0.786,0.82,0.31631,0.29225,4.6037,3.4572,4.7365,0.46969,0.043526,0.038908,0.43194,0.43194,0.81138,0.80604,0.37116,0.34785,0.91482,0.93376,0.72504,0.73515,0.97804,0.93139,0.74929,0.72853,2.3393,1.5708,0.8014,1,0.99948,0.74337,0.093381,0.0082098,1.2399,0.51069,1.0249,0.065551,0.008,0.013841
1,9,2,2,0.67522,0.78163,1.257,1.2585,0.3925,0.35,0.854,0.8935,0.3206,0.28578,4.2338,3.1784,4.4788,0.48587,0.065654,0.035849,0.39786,0.39786,0.701,0.74805,0.36727,0.34386,0.75739,0.88881,0.5863,0.65718,0.86305,0.91334,0.64793,0.71473,1.7243,1.5042,0.84044,1,0.99983,0.67885,0.1302,0.0095185,1.1871,0.41254,1.0416,0.097445,0.0135,0.02148
1,9,2,3,0.89574,0.89684,1.174,1.165,0.341,0.339,0.806,0.814,0.29746,0.29556,4.5332,2.2313,4.7005,-0.032972,0.052322,0.068961,0.40838,0.40838,0.81058,0.79482,0.35097,0.28353,0.92361,0.96609,0.75233,0.70241,0.97048,0.88452,0.74846,0.72108,2.3418,1.4007,0.78455,1,0.99663,0.74071,0.087392,0.0056447,1.2144,0.58599,0.97572,0.074064,0.006,0.010221
1,9,2,3,0.8147,0.85323,1.0825,1.0755,0.3435,0.368,0.726,0.706,0.33848,0.34815,4.9163,2.417,5.2594,-1.3375,0.083402,0.077194,0.46064,0.46064,0.83319,0.82262,0.34368,0.28621,0.87637,0.80646,0.72964,0.80094,0.96118,0.92149,0.76398,0.67404,1.5708,1.3543,0.75006,1,0.93554,0.91405,0.11027,0.023607,1.1745,0.5887,0.96959,0.069998,0.0285,0.052656
1,9,2,3,0.81676,0.87664,1.0365,1.008,0.348,0.34,0.663,0.681,0.3479,0.33989,5.1346,2.5788,5.1983,-1.2527,0.12273,0.11949,0.49867,0.49867,0.79601,0.82326,0.32646,0.26293,0.84065,0.81419,0.73415,0.7613,0.95195,0.92814,0.7747,0.68728,1.5708,1.4601,0.78132,1,0.93155,0.94928,0.11609,0.014151,1.1472,0.5984,0.92608,0.088958,0.016,0.030873
1,9,3,1,0.8543,0.82843,1.4,1.3955,0.4865,0.487,0.923,0.9245,0.34859,0.34322,3.8014,3.8136,3.7401,0.87058,0.054842,0.038544,0.34386,0.34386,0.7874,0.82877,0.38253,0.31754,0.8759,0.93242,0.64741,0.74563,0.91826,0.88141,0.76155,0.73316,2.6781,2.9765,0.74788,1,0.99564,0.572,0.061232,0.010136,1.2572,0.42432,1.1066,0.041461,0.023,0.032857
1,9,3,1,0.86656,0.77403,1.486,1.485,0.541,0.528,0.943,0.967,0.3691,0.35606,3.5814,3.5838,3.6482,0.84278,0.052068,0.03607,0.33077,0.33077,0.79292,0.78462,0.32535,0.30818,0.89672,0.90197,0.69612,0.73167,0.92367,0.84709,0.76383,0.67645,2.133,1.9629,0.73194,1,0.99956,0.58647,0.057321,0.014624,1.2618,0.33636,1.1539,0.038481,0.028,0.037685
1,9,3,1,0.84521,0.83982,1.4435,1.4525,0.501,0.499,0.9595,0.9595,0.34451,0.34681,3.6868,3.664,3.877,0.88879,0.049535,0.025382,0.33444,0.33444,0.78397,0.80294,0.34919,0.32548,0.8864,0.92148,0.68147,0.73428,0.91037,0.88978,0.748,0.71519,3.1416,1.6519,0.76265,1,0.99952,0.61225,0.094375,0.011334,1.2616,0.33908,1.1397,0.052624,0.026,0.036024
1,9,3,2,0.82597,0.86059,1.209,1.241,0.479,0.435,0.734,0.812,0.39726,0.34996,4.4019,3.2232,4.3795,0.1972,0.082305,0.079022,0.39438,0.39438,0.78649,0.8269,0.30327,0.28611,0.8564,0.91224,0.7061,0.74282,0.89281,0.89185,0.78623,0.76115,1.5708,1.5708,0.742,1,0.99384,0.73707,0.093191,0.015233,1.2197,0.52831,1.017,0.066142,0,0
1,9,3,2,0.8141,0.8817,1.1895,1.211,0.4425,0.417,0.7545,0.8165,0.36626,0.32815,4.4743,3.3031,4.374,0.21355,0.10826,0.065938,0.40023,0.40023,0.79313,0.82171,0.31753,0.32548,0.8604,0.94435,0.71018,0.76072,0.89763,0.88312,0.76885,0.74029,1.5708,1.539,0.77309,1,0.99964,0.68954,0.10085,0.013349,1.2335,0.47244,1.0535,0.074395,-0.0115,-0.019336
1,9,3,2,0.87407,0.85242,1.156,1.157,0.4205,0.371,0.7295,0.782,0.3618,0.33731,4.6039,3.4572,4.7609,0.23558,0.064352,0.059989,0.42832,0.42832,0.82092,0.81003,0.29771,0.27281,0.90293,0.91081,0.73404,0.72215,0.92265,0.87656,0.79399,0.75078,1.7562,3.1416,0.75381,1,0.99215,0.78506,0.067248,0.008489,1.2385,0.4962,1.0543,0.049128,0.001,0.0017301
1,9,3,3,0.84475,0.78804,1.079,1.094,0.378,0.367,0.689,0.698,0.35294,0.33333,4.9323,2.3761,4.9449,-0.46734,0.10012,0.10228,0.45839,0.45839,0.81701,0.73912,0.3354,0.25879,0.88253,0.85363,0.75101,0.72926,0.93085,0.80475,0.77522,0.66395,1.8623,2.36,0.77146,1,0.95496,0.89625,0.075657,0.012388,1.1735,0.5138,0.98582,0.060855,0.028,0.0519
1,9,3,3,0.82079,0.83076,1.032,1.047,0.368,0.349,0.665,0.683,0.35968,0.36615,5.1569,2.4828,5.1017,-0.38929,0.083742,0.15858,0.48828,0.48828,0.78209,0.78333,0.29663,0.25203,0.86849,0.87059,0.69552,0.75479,0.9199,0.84467,0.75168,0.7044,1.5708,1.3754,0.74733,1,0.98184,0.87061,0.044518,0.01145,1.2008,0.49097,1.0264,0.040383,0.001,0.001938
1,9,3,3,0.79316,0.79009,1.06,1.079,0.394,0.388,0.668,0.71,0.36802,0.34758,5.0207,2.4091,4.9682,-0.1768,0.10608,0.10434,0.46794,0.46794,0.76518,0.76379,0.32385,0.25617,0.85758,0.89882,0.73091,0.69389,0.86078,0.80392,0.70771,0.69614,1.5081,1.5708,0.7729,1,0.98591,0.8452,0.10191,0.009079,1.1928,0.47022,1.0275,0.066947,0.01,0.018868
2,1,1,1,0.76136,0.73927,2.402,2.346,0.8065,0.8695,1.5265,1.5055,0.34252,0.34856,2.2157,2.2686,2.317,0.6024,0.054062,0.050459,0.23371,0.23371,0.65361,0.66579,0.42696,0.38548,0.88567,0.91855,0.61111,0.64152,0.86363,0.78802,0.58594,0.57113,2.884,1.882,0.74059,1,0.99331,0.39986,0.07296,0.0068417,1.2082,0.1852,1.1666,0.056548,0.014,0.011657
2,1,1,1,0.84443,0.83319,2.4335,2.377,0.8685,0.8795,1.54,1.493,0.35613,0.35871,2.1872,2.2389,2.4531,0.65631,0.082093,0.044353,0.20177,0.20177,0.71316,0.75056,0.41548,0.38872,0.93989,0.93073,0.62258,0.70732,0.9324,0.93131,0.66463,0.68002,2.3215,3.1416,0.78012,1,0.97415,0.31272,0.10797,0.0084725,1.2357,0.20773,1.1913,0.064056,0.0385,0.031642
2,1,1,1,0.76045,0.79867,2.572,2.648,0.9295,0.966,1.6485,1.6595,0.35267,0.36308,2.0692,2.0098,2.2571,0.64389,0.088506,0.054535,0.19073,0.19073,0.66751,0.71869,0.44574,0.38389,0.87326,0.92912,0.56822,0.67534,0.92252,0.87914,0.56702,0.63207,3.1416,2.56,0.74774,1,0.94615,0.26803,0.13761,0.014396,1.187,0.27097,1.1296,0.081823,0.0705,0.054821
2,1,1,2,0.71846,0.80953,1.676,1.716,0.5275,0.4825,1.149,1.2075,0.31602,0.28495,3.1754,2.331,3.2016,0.14138,0.053823,0.045973,0.28722,0.28722,0.69924,0.70821,0.38247,0.35912,0.87974,0.90788,0.62749,0.6795,0.82139,0.87993,0.56537,0.6203,3.1416,2.2312,0.7434,1,0.99822,0.55465,0.02939,0.0032413,1.1752,0.22578,1.0908,0.021443,-0.004,-0.0047733
2,1,1,2,0.86338,0.86361,1.553,1.573,0.397,0.415,1.13,1.14,0.26444,0.28207,3.4269,2.5429,3.458,0.11559,0.041036,0.025378,0.31137,0.31137,0.77169,0.77198,0.44488,0.36286,0.97604,0.94363,0.73353,0.75658,0.92293,0.9095,0.63788,0.62208,3.1416,1.5708,0.85482,1,0.99997,0.57036,0.10071,0.0053657,1.2034,0.32859,1.0624,0.077544,0.022,0.028332
2,1,1,2,0.84325,0.88319,1.6715,1.6325,0.4815,0.513,1.1585,1.142,0.28989,0.32251,3.1839,2.4502,3.3019,0.14894,0.044731,0.034255,0.29431,0.29431,0.76505,0.79483,0.39226,0.32057,0.93751,0.91426,0.70661,0.76555,0.9407,0.94124,0.69802,0.69168,2.2841,1.5784,0.81963,1,0.99982,0.53383,0.085591,0.0039807,1.2406,0.25972,1.1372,0.07161,0.026,0.03111
2,1,1,3,0.85179,0.88011,1.476,1.4375,0.429,0.464,0.9755,0.9755,0.31522,0.33617,3.6056,1.8084,3.5777,-0.56499,0.053619,0.055067,0.35652,0.35652,0.74651,0.73983,0.35732,0.31166,0.93101,0.89782,0.70444,0.72746,0.9341,0.89716,0.65011,0.61607,3.1416,3.1416,0.76914,1,0.98886,0.70308,0.054056,0.0069158,1.1515,0.29071,1.0273,0.029376,0.0065,0.0088076
2,1,1,3,0.86459,0.82897,1.432,1.42,0.415,0.432,1.016,0.993,0.31216,0.30991,3.7164,1.8306,3.7621,-0.14511,0.044449,0.041838,0.35511,0.35511,0.78339,0.74387,0.37272,0.29794,0.95756,0.86195,0.74677,0.70818,0.90495,0.87157,0.68405,0.62689,3.1416,2.5137,0.83609,1,0.98017,0.7301,0.099323,0.0055883,1.1676,0.29563,1.0467,0.072645,0.021,0.02933
2,1,1,3,0.78748,0.81204,1.453,1.422,0.402,0.415,1.042,1.036,0.27749,0.28193,3.6627,1.828,3.7188,-0.40447,0.039509,0.044376,0.3522,0.3522,0.73578,0.74528,0.36019,0.355,0.9015,0.83186,0.68476,0.69454,0.92047,0.91618,0.66359,0.61687,2.2708,1.6561,0.85263,1,0.99295,0.68258,0.10463,0.0065809,1.1808,0.32336,1.0488,0.06905,0.032,0.044047
2,1,2,1,0.76143,0.79626,2.074,2.1825,0.695,0.7205,1.3865,1.4,0.33239,0.34276,2.566,2.4385,2.6614,0.95445,0.063524,0.050712,0.23475,0.23475,0.6864,0.70502,0.40044,0.37986,0.84856,0.92422,0.6096,0.65262,0.85787,0.8896,0.61827,0.65858,3.1416,3.1416,0.74982,1,0.99238,0.39781,0.054176,0.0041843,1.2664,0.13564,1.2255,0.023746,0.0255,0.02459
2,1,2,1,0.88174,0.87682,1.707,1.682,0.551,0.535,1.135,1.132,0.32671,0.32676,3.1177,3.164,3.4533,1.1816,0.033813,0.035766,0.29948,0.29948,0.78068,0.80355,0.38371,0.37388,0.95191,0.96408,0.70922,0.74404,0.95899,0.96313,0.70904,0.70253,1.7549,2.759,0.73675,1,0.99952,0.53582,0.025446,0.0019052,1.3048,0.14094,1.2483,0.014034,0.04,0.046866
2,1,2,1,0.81121,0.92033,1.772,1.775,0.562,0.573,1.153,1.182,0.34061,0.32743,3.0033,2.9983,3.2368,1.0395,0.038527,0.0325,0.27544,0.27544,0.72119,0.79145,0.3926,0.40381,0.89829,0.97915,0.67211,0.78392,0.9221,0.95195,0.63844,0.6829,1.7455,2.1445,0.74668,1,0.99299,0.46235,0.038405,0.0031126,1.2791,0.15595,1.2195,0.024853,0.023,0.025959
2,1,2,2,0.82595,0.82211,1.426,1.459,0.458,0.466,1.003,0.9865,0.30341,0.3311,3.7321,2.7416,4.1579,0.37865,0.038964,0.03717,0.32018,0.33619,0.79873,0.74228,0.38977,0.33568,0.89743,0.89715,0.68582,0.68632,0.96122,0.90579,0.7185,0.67954,2.4752,1.5708,0.79632,1,0.99975,0.61067,0.055881,0.0030226,1.2537,0.23027,1.1712,0.034063,0.025,0.035063
2,1,2,2,0.87856,0.85895,1.213,1.237,0.362,0.381,0.819,0.823,0.31217,0.32092,4.3874,3.2336,4.6206,0.60651,0.066058,0.048022,0.43403,0.43403,0.82171,0.78685,0.37235,0.34419,0.95162,0.92873,0.75057,0.72801,0.94327,0.90007,0.72613,0.72947,1.6627,1.5314,0.85449,1,0.99946,0.74655,0.095077,0.003886,1.2622,0.40567,1.1062,0.074942,0.033,0.054411
2,1,2,2,0.88204,0.88361,1.1855,1.215,0.3425,0.376,0.855,0.7995,0.28589,0.32695,4.4892,3.2922,4.6763,0.53271,0.036231,0.036486,0.4138,0.4138,0.79142,0.81274,0.33126,0.28118,0.93594,0.93233,0.73637,0.75127,0.92526,0.90378,0.71572,0.7042,2.1508,1.501,0.84784,1,0.99745,0.73926,0.08404,0.0030945,1.2465,0.35983,1.1063,0.071518,0.0475,0.080135
2,1,2,3,0.84671,0.89511,1.2525,1.2605,0.357,0.386,0.8905,0.859,0.28235,0.31525,4.249,2.0622,4.3647,0.19178,0.039873,0.028389,0.40023,0.40023,0.78875,0.81937,0.36724,0.32157,0.92535,0.92869,0.71769,0.73104,0.9465,0.90082,0.73032,0.70168,2.0127,1.5708,0.88727,1,0.99945,0.70629,0.11077,0.0037499,1.2209,0.40223,1.0644,0.090657,0.0315,0.050299
2,1,2,3,0.90992,0.89396,1.087,1.081,0.322,0.367,0.745,0.695,0.3075,0.36283,4.896,2.4047,4.8709,-0.27365,0.054214,0.058188,0.46064,0.46064,0.83853,0.83455,0.37616,0.29731,0.96913,0.91346,0.76481,0.81852,0.96868,0.92294,0.76476,0.7377,1.6113,1.5708,0.86419,1,0.99794,0.78599,0.11664,0.0039205,1.2396,0.51006,1.0477,0.10627,0.059,0.10856
2,1,2,3,0.90245,0.8343,1.127,1.11,0.313,0.337,0.787,0.763,0.28919,0.30636,4.7222,2.3419,4.6481,-0.34313,0.043983,0.039786,0.44222,0.44222,0.7923,0.78472,0.35384,0.26591,0.94422,0.87989,0.75027,0.75772,0.93226,0.85456,0.68483,0.65392,1.4706,1.3365,0.88754,1,0.9999,0.73972,0.10698,0.0039615,1.1947,0.38638,1.0454,0.089991,0.043,0.076309
2,1,3,1,0.76564,0.79577,1.564,1.532,0.4925,0.5045,1.0415,1.007,0.30955,0.32893,3.403,3.4738,3.5375,1.2527,0.049346,0.035419,0.32552,0.32552,0.73984,0.77927,0.3811,0.33092,0.84832,0.89287,0.66918,0.67974,0.9254,0.90957,0.68346,0.70194,3.1416,2.0418,0.79093,1,0.9986,0.56396,0.085088,0.0051493,1.2651,0.2477,1.191,0.056389,0.067,0.085678
2,1,3,1,0.81023,0.78506,1.556,1.5315,0.478,0.474,1.0665,1.068,0.31793,0.30782,3.4203,3.475,3.4916,0.7889,0.043892,0.039821,0.32124,0.32124,0.77697,0.77073,0.34052,0.33306,0.92039,0.8759,0.70253,0.65876,0.92309,0.89726,0.66402,0.69462,3.0149,1.5759,0.73004,1,0.99992,0.58442,0.033343,0.0042025,1.2417,0.26176,1.1523,0.020259,0.008,0.010283
2,1,3,1,0.81436,0.87703,1.449,1.4565,0.4745,0.511,0.979,0.9535,0.32528,0.35893,3.6729,3.6542,3.7126,0.9291,0.040364,0.047755,0.35095,0.35095,0.76794,0.81969,0.3214,0.30008,0.9079,0.9245,0.69072,0.75914,0.89695,0.92484,0.70564,0.74576,1.9184,3.1416,0.75829,1,0.99784,0.59381,0.056018,0.005861,1.2708,0.27261,1.1774,0.058961,0.014,0.019324
2,1,3,2,0.83883,0.76151,1.283,1.2875,0.3875,0.431,0.8785,0.867,0.30821,0.3324,4.1482,3.1068,4.4397,0.064475,0.044271,0.047101,0.39786,0.39786,0.77977,0.74252,0.38656,0.29321,0.90198,0.84445,0.68916,0.66106,0.94686,0.8365,0.73525,0.70541,2.3382,1.5286,0.82434,1,0.99833,0.71555,0.063724,0.0021816,1.2333,0.34019,1.1185,0.056315,0.0375,0.058457
2,1,3,2,0.8604,0.87217,1.1775,1.21,0.394,0.4205,0.805,0.782,0.32933,0.35262,4.5199,3.3058,4.6018,0.060169,0.0739,0.052252,0.4138,0.4138,0.83549,0.83575,0.3254,0.2858,0.95614,0.92838,0.75764,0.76893,0.9373,0.87752,0.74364,0.76862,1.4332,1.6361,0.87424,1,0.99941,0.72108,0.083286,0.0025969,1.24,0.49961,1.0526,0.07428,0.037,0.062845
2,1,3,2,0.85382,0.84014,1.125,1.1495,0.341,0.4035,0.774,0.7205,0.31875,0.36304,4.7308,3.4798,4.7,-0.06911,0.10129,0.10404,0.44041,0.44041,0.81775,0.82875,0.34461,0.25958,0.90949,0.90125,0.72751,0.73052,0.95526,0.8804,0.76349,0.79216,1.5708,2.3661,0.75106,1,0.99133,0.80231,0.13727,0.0031915,1.2287,0.57617,1.0027,0.13124,0.0595,0.10578
2,1,3,3,0.82965,0.88265,2.073,0.466,0.739,0.214,1.267,0.25,0.366,0.46352,2.5673,5.5782,2.6258,-1.6649,0.14814,1,0.23609,1.0731,0.81857,0.8458,0.29606,0.15253,0.94173,0.84914,0.74981,0.85194,0.90787,0.8534,0.74159,0.81705,3.1416,1.1229,0.068258,4.5,0.62629,0.59101,2.3797,0.98367,1.1997,1.1882,0.9198,-1.8556,1e-05,4.2918e-05
2,1,3,3,0.80631,0.88053,2.1015,0.477,0.779,0.211,1.334,0.263,0.3659,0.44635,2.5325,5.4496,2.547,-1.653,0.15935,1,0.21142,1.0269,0.79557,0.85739,0.35445,0.194,0.93098,0.88959,0.71061,0.87569,0.85317,0.87126,0.72149,0.8096,3.1416,1.0174,0.05792,5,0.45706,0.44746,2.3265,0.95834,1.2075,1.1661,0.9286,-0.85767,1.25e-05,5.2411e-05
2,1,3,3,0.8033,0.88534,2.0995,0.44,0.7735,0.203,1.3255,0.236,0.36526,0.46177,2.5349,5.9079,2.662,-1.3603,0.13063,1,0.23703,1.1283,0.7943,0.84982,0.35365,0.16313,0.87679,0.85324,0.71577,0.88077,0.87452,0.84752,0.75069,0.8152,3.1416,0.77199,0.050429,5,0.15201,0.13659,1.0409,0.94068,1.1925,1.1659,0.91898,-0.76819,2.1e-05,9.5455e-05
2,4,1,1,0.81536,0.79024,2.375,2.39,0.908,0.804,1.487,1.59,0.37592,0.32916,2.2408,2.2267,2.238,0.86376,0.1921,0.10969,0.21807,0.21807,0.69539,0.75919,0.39976,0.41447,0.9225,0.9179,0.61858,0.67286,0.79495,0.83872,0.62183,0.64225,1.8882,3.1416,0.74073,1,0.99439,0.37775,0.057372,0.0052643,1.253,0.29072,1.1484,0.039092,-0.02,-0.016842
2,4,1,1,0.75195,0.76283,2.311,2.2775,0.804,0.644,1.461,1.6055,0.36287,0.29687,2.3031,2.3368,2.3575,0.5917,0.23755,0.1753,0.21798,0.21798,0.7677,0.75173,0.48731,0.47251,0.91017,0.91303,0.62427,0.60345,0.82739,0.85247,0.60283,0.61035,3.1416,3.1416,0.77764,1,0.99853,0.39719,0.057639,0.0056375,1.1684,0.38145,1.0118,0.051187,0.0055,0.0047598
2,4,1,1,0.63822,0.76447,2.636,2.626,0.938,0.881,1.664,1.772,0.36836,0.32343,2.0189,2.0266,2.1639,0.67219,0.28574,0.137,0.17833,0.17833,0.69907,0.72224,0.47851,0.48233,0.82598,0.92617,0.58392,0.654,0.73559,0.87222,0.59529,0.61861,2.8892,3.1416,0.70951,1,0.99842,0.32854,0.016536,0.0049765,1.2211,0.30846,1.1064,0.0062151,-0.036,-0.027314
2,4,1,2,0.86636,0.80193,1.6725,1.621,0.4735,0.4445,1.186,1.18,0.2842,0.28216,3.182,2.4676,3.3812,0.44667,0.053276,0.096795,0.29839,0.29839,0.77538,0.78276,0.39243,0.35024,0.97962,0.94598,0.73052,0.72211,0.90959,0.89313,0.70736,0.73051,2.6715,1.5708,0.7481,1,0.99987,0.54238,0.017463,0.0033197,1.2172,0.58739,0.97734,0.014251,0.016,0.019133
2,4,1,2,0.85164,0.83413,1.719,1.7265,0.5555,0.495,1.163,1.2235,0.32935,0.28043,3.0959,2.3168,3.2274,0.2524,0.22082,0.06065,0.29668,0.29668,0.78431,0.80157,0.38087,0.36139,0.9662,0.95563,0.71196,0.72218,0.87938,0.90479,0.6623,0.72747,2.1008,2.3648,0.80077,1,0.9995,0.53138,0.073232,0.0048645,1.2025,0.52611,0.97724,0.060561,0.013,0.015125
2,4,1,2,0.79295,0.84942,1.763,1.7745,0.57,0.4635,1.208,1.307,0.32243,0.26499,3.0187,2.2542,3.1164,0.47046,0.1445,0.043791,0.27432,0.27432,0.72747,0.77111,0.40816,0.38231,0.89707,0.97414,0.67938,0.72307,0.84574,0.90032,0.60665,0.66721,1.824,1.5081,0.75174,1,0.99616,0.47277,0.025327,0.0033587,1.2127,0.42909,1.0328,0.02014,0.001,0.0011344
2,4,1,3,0.85104,0.78732,1.7775,1.7695,0.5715,0.5385,1.245,1.221,0.31981,0.29288,2.9941,1.4691,3.22,-0.1447,0.11007,0.05209,0.28432,0.28432,0.76355,0.7053,0.42538,0.36641,0.94337,0.90024,0.66065,0.60156,0.92483,0.85604,0.65581,0.639,2.357,3.1416,0.79262,1,0.99828,0.55184,0.082429,0.005261,1.2182,0.31181,1.0958,0.057605,0.017,0.019128
2,4,1,3,0.84705,0.89055,1.4755,1.4715,0.4545,0.4035,1.026,1.0655,0.30934,0.27795,3.6069,1.7665,3.5174,0.26061,0.10734,0.066881,0.33053,0.33053,0.77703,0.85611,0.39281,0.34122,0.95771,0.95732,0.70971,0.76894,0.89247,0.9418,0.70556,0.75687,2.3512,1.6695,0.79163,1,0.99535,0.55182,0.059107,0.003112,1.2182,0.62399,0.94559,0.055774,0.0145,0.019654
2,4,1,3,0.85418,0.82322,1.5225,1.5245,0.438,0.395,1.0665,1.1225,0.2964,0.26622,3.4955,1.7051,3.5558,-0.5193,0.056553,0.072638,0.32552,0.32552,0.77183,0.73996,0.35515,0.342,0.97017,0.90211,0.75387,0.74098,0.88913,0.87072,0.67277,0.60238,2.2789,1.4311,0.7627,1,0.98643,0.66925,0.032061,0.0070406,1.1812,0.5623,0.9512,0.03577,0.0185,0.024302
2,4,2,1,0.84196,0.82526,1.741,1.753,0.61,0.527,1.157,1.228,0.34663,0.29686,3.0568,3.0359,3.0488,0.72578,0.24134,0.047658,0.28646,0.28646,0.76432,0.75116,0.36333,0.40439,0.95367,0.94703,0.71221,0.71207,0.91823,0.88325,0.66903,0.63721,1.5708,3.1416,0.75314,1,0.9989,0.50976,0.031017,0.0068856,1.2312,0.52193,1.0236,0.036179,0.037,0.042504
2,4,2,1,0.88098,0.75193,1.746,1.716,0.548,0.553,1.16,1.187,0.31228,0.32494,3.0481,3.1014,3.2812,0.8612,0.12827,0.093194,0.28646,0.28646,0.79438,0.76983,0.37975,0.37866,0.9855,0.94229,0.74785,0.72762,0.9113,0.81812,0.70529,0.6686,2.6595,1.5708,0.76186,1,0.99788,0.50122,0.054027,0.0065066,1.2492,0.55054,1.0383,0.050015,0.044,0.050401
2,4,2,1,0.78667,0.79813,1.733,1.7115,0.611,0.607,1.071,1.116,0.35782,0.35061,3.0709,3.1096,3.1079,0.79666,0.11913,0.084063,0.28796,0.28796,0.74441,0.81076,0.35991,0.31686,0.92537,0.95349,0.717,0.77074,0.82745,0.83985,0.67164,0.68287,1.6557,1.5708,0.76057,1,0.99537,0.48959,0.031557,0.0032615,1.2352,0.51705,1.045,0.031801,0.0455,0.05251
2,4,2,2,0.72669,0.75653,1.483,1.466,0.482,0.484,0.9695,0.974,0.33637,0.3326,3.5886,2.7285,3.5694,0.052472,0.1616,0.028326,0.33444,0.33444,0.75918,0.72688,0.36111,0.2936,0.89205,0.86845,0.68871,0.66185,0.81269,0.79158,0.62226,0.63447,1.5708,1.4007,0.42768,1,0.99116,0.55035,0.50856,0.10491,1.1315,0.61132,0.97334,0.31391,0.0895,0.1207
2,4,2,2,0.8416,0.77453,1.4745,1.501,0.4955,0.5105,0.976,0.9655,0.33605,0.34233,3.6094,2.6649,3.6964,0.46823,0.068072,0.057949,0.33444,0.33444,0.78989,0.81678,0.33089,0.30157,0.96162,0.91626,0.77052,0.75485,0.90451,0.86274,0.70262,0.72693,2.3387,1.5383,0.77504,1,0.99938,0.58923,0.12964,0.0084594,1.2491,0.55346,1.0452,0.10954,0.05,0.06782
2,4,2,2,0.90656,0.86978,1.4915,1.4615,0.4605,0.5435,1.014,0.936,0.31879,0.36793,3.5682,2.7369,3.733,0.56548,0.057076,0.086352,0.33444,0.33444,0.80761,0.85598,0.39923,0.31075,0.99071,0.96258,0.78544,0.83319,0.93482,0.92129,0.74383,0.79531,1.4993,1.5708,0.77498,1,0.99991,0.59603,0.049523,0.0030235,1.276,0.63002,1.0302,0.042844,0.0565,0.075763
2,4,2,3,0.76848,0.78138,1.7745,0.5805,0.7255,0.2515,1.067,0.3195,0.39702,0.43847,2.9991,4.478,3.0027,-0.85977,0.30994,1,0.29033,0.87099,0.74034,0.79453,0.42242,0.15244,0.92167,0.85422,0.68935,0.82119,0.86767,0.77347,0.65283,0.76088,3.1416,1.2459,0.16553,3,0.65926,0.73812,-2.2386,0.49534,1.169,0.99769,0.93232,-1.2223,-2.5e-06,-8.6133e-06
2,4,2,3,0.68288,0.79631,1.645,0.542,0.645,0.244,1.028,0.296,0.37546,0.44969,3.2352,4.7961,3.0825,-1.5478,0.18482,1,0.3026,0.89404,0.68208,0.79332,0.39955,0.14517,0.87101,0.86337,0.65718,0.81832,0.79483,0.74232,0.56418,0.73398,1.9845,1.0295,0.2034,3,0.62445,0.6814,-1.8495,0.44074,1.1336,0.9931,0.88452,-1.237,-4.9e-05,-0.00018081
2,4,2,3,0.76461,0.72205,1.709,0.5505,0.5855,0.2575,1.114,0.288,0.34059,0.47536,3.1141,4.722,3.1411,-1.6416,0.16157,1,0.28884,0.89404,0.74785,0.74528,0.36193,0.16214,0.93309,0.80982,0.70595,0.80685,0.81584,0.70318,0.65785,0.67567,2.4891,1.1413,0.24472,3,0.64194,0.70333,-1.5725,0.36683,1.128,1.0134,0.88787,-1.0386,-1.25e-05,-4.5413e-05
2,4,3,1,0.8452,0.82919,2.1445,2.1315,0.7335,0.653,1.3925,1.4765,0.3381,0.30771,2.4817,2.4968,2.6168,0.76435,0.35507,0.084291,0.23032,0.23032,0.73078,0.76088,0.43413,0.40733,0.97642,0.96793,0.6933,0.74355,0.90768,0.82055,0.63801,0.65608,3.1416,1.5708,0.77153,1,0.99595,0.40317,0.046569,0.0049165,1.23,0.52386,1.0167,0.046627,-0.0005,-0.00046631
2,4,3,1,0.76601,0.84007,2.1445,2.1795,0.745,0.6515,1.4185,1.508,0.33338,0.29787,2.4819,2.4418,2.6693,0.63843,0.3289,0.10033,0.22711,0.22711,0.74468,0.81999,0.4034,0.36772,0.93065,0.95398,0.6711,0.78058,0.83506,0.90746,0.61439,0.65946,3.1416,1.5708,0.77292,1,0.99188,0.38456,0.049946,0.0040048,1.2132,0.51362,1.0136,0.046906,0.0195,0.018186
2,4,3,1,0.80603,0.74801,2.045,2.053,0.675,0.658,1.35,1.362,0.33333,0.312,2.6024,2.5923,2.858,0.81673,0.24302,0.066516,0.23353,0.23353,0.77368,0.79361,0.39985,0.36412,0.95469,0.93322,0.69474,0.73777,0.86094,0.8204,0.66372,0.65431,3.1416,1.8644,0.76545,1,0.9975,0.41561,0.051163,0.0034945,1.2334,0.47479,1.0583,0.04593,0.035,0.03423
2,4,3,2,0.82907,0.81739,3.045,1.0065,1.2055,0.3195,1.834,0.6605,0.39083,0.33808,1.7478,3.9742,1.8865,0.44807,0.38865,0.20495,0.16276,0.48177,0.69036,0.80527,0.632,0.32915,0.89995,0.92945,0.58099,0.78492,0.85168,0.86394,0.59611,0.71084,3.1416,1.3986,0.22302,3,0.86285,1.0534,-1.2924,0.43552,1.1117,0.99588,0.86651,-1.06,1e-06,1.9871e-06
2,4,3,2,0.80864,0.84405,2.533,0.846,0.8915,0.319,1.6645,0.5165,0.34492,0.39324,2.101,4.7281,2.341,0.36948,0.23755,1,0.19531,0.58594,0.76035,0.8434,0.44351,0.28427,0.91849,0.92943,0.67611,0.83773,0.89368,0.86859,0.61181,0.75034,3.1416,1.146,0.23902,3,0.7716,1.0503,-1.7698,0.46352,1.1698,1.0513,0.91003,-1.4053,-4.25e-05,-0.00010047
2,4,3,2,0.83894,0.81332,2.5595,0.8535,0.92,0.318,1.6905,0.518,0.3569,0.38436,2.0793,4.6866,2.3736,0.3615,0.18448,1,0.20054,0.60163,0.74571,0.82706,0.47291,0.29931,0.93347,0.90863,0.63707,0.78938,0.93133,0.87928,0.60474,0.73738,2.4059,3.1416,0.23976,3,0.80867,1.124,-1.6967,0.45171,1.1674,1.038,0.91428,-1.2276,-4.8e-05,-0.00011248
2,4,3,3,0.8813,0.79759,1.712,0.576,0.562,0.257,1.145,0.307,0.31911,0.45927,3.1086,4.513,3.0665,-0.65793,0.10211,1,0.2917,0.86242,0.79032,0.80043,0.39227,0.1962,0.95384,0.89473,0.75575,0.82935,0.94099,0.74782,0.61932,0.74514,1.7286,1.2385,0.26685,3,0.67326,0.74905,-1.8119,0.35304,1.1493,1.0607,0.8578,-1.8359,-2.3e-05,-7.9861e-05
2,4,3,3,0.87054,0.80124,1.852,0.618,0.605,0.256,1.169,0.333,0.33954,0.44539,2.8736,4.2062,3.0678,-0.10337,0.099798,1,0.27391,0.83365,0.74219,0.81183,0.4363,0.19201,0.93405,0.89278,0.67616,0.8198,0.95536,0.79028,0.64763,0.75262,2.0288,1.2108,0.23609,3,0.6968,0.80037,-1.5951,0.38635,1.1576,1.0693,0.87598,-1.4425,-5.9e-05,-0.00019094
2,4,3,3,0.8808,0.78251,1.643,0.5525,0.541,0.245,1.095,0.2885,0.33537,0.46592,3.2392,4.7049,1.1982,-1.7903,0.094187,1,0.3066,0.91979,0.75416,0.77449,0.42247,0.19597,0.94232,0.84523,0.69468,0.81664,0.95343,0.79034,0.65764,0.71364,3.1416,3.1416,0.21586,3,0.70885,0.75782,-1.5435,0.38781,1.1283,1.0451,0.84171,-1.2084,-4.9e-05,-0.00017738
2,5,1,1,0.78264,0.71094,1.6975,1.6395,0.626,0.607,1.0525,1.0645,0.37386,0.36329,3.1352,3.2461,3.1586,0.79662,0.13736,0.11703,0.30227,0.30227,0.73153,0.70878,0.35694,0.35043,0.86552,0.82608,0.62603,0.57742,0.88815,0.7995,0.67938,0.66446,3.1416,2.9596,0.76359,1,0.99942,0.54127,0.065534,0.0085897,1.1826,0.35457,1.0532,0.058773,0.0055,0.0064801
2,5,1,1,0.58912,0.5446,1.879,1.855,0.697,0.6705,1.189,1.23,0.36259,0.35216,2.8323,2.869,2.8275,0.82628,0.15606,0.11177,0.26537,0.26537,0.66757,0.66887,0.41765,0.45055,0.73616,0.7239,0.58272,0.59624,0.71328,0.69948,0.64981,0.62714,3.1416,2.9533,0.75221,1,0.99219,0.4442,0.054483,0.0079021,1.1356,0.36421,1.0298,0.044497,-0.0025,-0.002661
2,5,1,1,0.7201,0.74089,1.7275,1.6945,0.6105,0.6,1.1435,1.1465,0.35163,0.34092,3.0808,3.1407,2.6536,0.32311,0.095725,0.09033,0.27302,0.27302,0.69631,0.73268,0.36289,0.35728,0.78627,0.81454,0.62051,0.61584,0.85136,0.85046,0.62388,0.65449,3.1416,3.0796,0.75167,1,0.99819,0.48396,0.021186,0.0041926,1.1612,0.29605,1.058,0.01868,0.0005,0.00057887
2,5,1,2,0.73547,0.85818,2.5655,0.736,1.052,0.311,1.443,0.423,0.41859,0.43093,2.0745,5.4348,2.1413,0.091498,0.38696,0.28407,0.18989,0.67817,0.72432,0.82359,0.41955,0.19341,0.71289,0.86005,0.62468,0.81161,0.89147,0.83894,0.63709,0.78804,3.1416,1.1083,0.061808,3.5,0.9718,1.2288,-1.2057,0.96124,1.1593,1.1199,0.93124,-0.058704,-7.5e-06,-2.038e-05
2,5,1,2,0.60769,0.83625,3.322,0.953,1.3915,0.338,1.9345,0.617,0.41641,0.35762,1.602,4.1973,1.8782,0.098489,0.41698,0.1751,0.14291,0.52996,0.66781,0.79828,0.53473,0.26434,0.74648,0.84876,0.55456,0.76773,0.79608,0.87047,0.60057,0.71737,2.9589,2.1804,0.043274,3.7083,0.79968,1.0786,-0.88406,0.98471,1.1381,1.0479,0.94835,-9.8992,-8.25e-05,-0.00017314
2,5,1,2,0.71757,0.77858,2.0015,1.05,0.725,0.388,1.2245,0.639,0.38046,0.36938,2.659,3.8095,2.5858,-1.0334,0.21927,0.11726,0.25577,0.51153,0.74212,0.76288,0.36689,0.24823,0.80515,0.82492,0.6741,0.70945,0.87379,0.82177,0.63194,0.69585,3.1416,1.5708,0.058897,2,0.66996,0.96157,0.51659,0.79083,1.1562,1.0067,0.95643,-0.51894,-5.8e-05,-0.00011048
2,5,1,3,0.81383,0.83764,1.494,0.418,0.559,0.207,0.948,0.207,0.38571,0.50245,3.5622,6.2188,3.7336,-2.6489,0.1404,1,0.31595,1.1776,0.76723,0.80463,0.34393,0.15816,0.87763,0.79603,0.70294,0.85092,0.89515,0.79643,0.6591,0.74385,3.1416,1.0461,0.042194,3.7273,0.74101,0.64499,-3.0512,0.98591,1.1634,1.1126,0.90697,-17.158,-2.7e-05,-0.00012919
2,5,1,3,0.57246,0.8145,1.8795,0.415,0.78,0.204,1.0745,0.207,0.41678,0.49867,2.8316,6.2638,2.9992,-2.5624,0.33036,1,0.26334,1.196,0.65804,0.7801,0.54482,0.15719,0.70918,0.77183,0.58455,0.84931,0.74246,0.80039,0.61229,0.71286,3.1416,0.78946,0.04199,4.5,0.61259,0.51827,1.8261,0.99243,1.0978,0.99601,0.88336,-1.6375,-2.05e-05,-9.8795e-05
2,5,1,3,0.87981,0.77954,1.7415,0.401,0.766,0.201,1.0435,0.2,0.43568,0.50577,3.0561,6.4824,3.1594,-3.1113,0.35441,1,0.27432,1.218,0.81776,0.76362,0.37667,0.1504,0.94426,0.74146,0.75634,0.82517,0.90505,0.77343,0.68941,0.70129,3.1416,1.0284,0.032563,4.5,0.55671,0.46559,-1.1033,0.97486,1.1588,1.1146,0.89781,-1.4832,1e-05,4.9875e-05
2,5,2,1,0.81397,0.83126,1.694,1.7015,0.529,0.5805,1.1585,1.065,0.31715,0.35821,3.1416,3.1278,3.3923,1.0216,0.064913,0.10488,0.29064,0.29064,0.80018,0.80633,0.36807,0.35687,0.8986,0.89098,0.69011,0.71415,0.9332,0.92265,0.66682,0.72853,1.5708,2.0303,0.63772,1,0.99839,0.51111,0.36666,0.020503,1.2371,0.62466,1.0162,0.31653,0.2325,0.2745
2,5,2,1,0.82954,0.79706,1.654,1.654,0.5325,0.651,1.0775,1.006,0.3155,0.39585,3.2176,3.2176,3.2798,0.39189,0.098964,0.10959,0.29948,0.29948,0.79253,0.79609,0.3222,0.28713,0.89013,0.9045,0.72592,0.76473,0.9311,0.84331,0.72046,0.71593,1.5708,1.8784,0.62551,1,0.9972,0.51679,0.39791,0.024786,1.2352,0.58594,1.0547,0.3659,0.000155,0.00018742
2,5,2,1,0.81743,0.82087,1.2415,1.2405,0.454,0.543,0.794,0.706,0.36222,0.4334,4.2867,4.2904,4.4043,1.0193,0.077666,0.10675,0.39378,0.39378,0.80108,0.81508,0.28261,0.23727,0.88988,0.84092,0.80059,0.80987,0.88251,0.85332,0.70103,0.76011,1.6617,1.7838,0.65163,1,0.99951,0.66749,0.30199,0.015282,1.2418,0.51605,1.082,0.28016,0.1545,0.24889
2,5,2,2,0.73609,0.82161,1.926,0.664,0.667,0.312,1.255,0.357,0.33853,0.46055,2.7632,6.0241,3.0894,0.67248,0.13764,1,0.25755,0.7834,0.75126,0.81566,0.3978,0.18715,0.82109,0.81717,0.62157,0.79306,0.9255,0.85372,0.68319,0.78179,2.1214,1.1604,0.076667,3,0.70191,0.85042,-1.7036,0.72916,1.1939,1.0849,0.95033,-0.63091,-1e-05,-3.012e-05
2,5,2,2,0.7266,0.84129,1.8635,0.6675,0.6585,0.301,1.197,0.367,0.36441,0.45777,2.856,5.9925,3.0821,0.27467,0.14669,1,0.27302,0.74555,0.74819,0.83601,0.40766,0.19673,0.78573,0.83936,0.60775,0.83055,0.9089,0.85329,0.66799,0.79783,3.1416,1.5708,0.072426,2.7308,0.86509,1.0553,1.1244,0.99649,1.1853,1.0913,0.92658,-14.286,-1.25e-05,-3.7453e-05
2,5,2,2,0.74361,0.8588,1.837,0.629,0.696,0.293,1.196,0.338,0.36526,0.46646,2.8971,6.3593,3.023,0.40384,0.18022,1,0.26984,0.78382,0.69265,0.86464,0.41275,0.1975,0.75625,0.87851,0.60687,0.87521,0.94565,0.86287,0.63198,0.8261,2.3027,1.0966,0.16,3,0.85015,0.98478,-0.25407,0.54176,1.1863,1.1659,0.93407,-0.45106,2.9e-05,9.221e-05
2,5,2,3,0.7679,0.80596,1.8445,0.4275,0.6705,0.212,1.219,0.2145,0.3509,0.4951,2.8855,6.0806,3.1187,-1.1219,0.13691,1,0.26537,1.1889,0.75095,0.80118,0.42206,0.14737,0.82242,0.79589,0.63523,0.81607,0.95146,0.79452,0.6754,0.78371,3.1416,0.95598,0.030175,4.5,0.59152,0.50494,0.55585,0.96642,1.1672,1.0855,0.90326,-0.67957,-9.5e-06,-4.4444e-05
2,5,2,3,0.81127,0.82203,1.5955,0.4125,0.577,0.2015,1.0465,0.204,0.34504,0.49703,3.3356,6.3017,3.3181,-1.8157,0.089162,1,0.30768,1.1772,0.73511,0.83499,0.36292,0.15953,0.84658,0.80921,0.63896,0.86953,0.93101,0.83499,0.6849,0.79524,3.1416,0.99075,0.025709,3.5,0.4449,0.38636,2.2055,0.95755,1.1858,1.1316,0.91601,-0.92203,4.5e-06,2.1818e-05
2,5,2,3,0.75652,0.82361,1.559,0.423,0.531,0.206,1.0085,0.214,0.3411,0.48927,3.4137,6.1453,3.4402,-2.0193,0.1004,1,0.313,1.2395,0.74412,0.81292,0.34889,0.13883,0.84235,0.80336,0.6649,0.84182,0.88792,0.81476,0.65745,0.77106,2.3454,1.0305,0.037824,3.5,0.71784,0.59518,3.0413,0.97238,1.165,1.085,0.91941,-0.52177,-8e-06,-3.7825e-05
2,5,3,1,0.84664,0.84869,1.294,1.3205,0.3915,0.467,0.903,0.847,0.2997,0.3602,4.1128,4.0303,4.1902,1.0836,0.059419,0.086754,0.38147,0.38147,0.83736,0.82986,0.36323,0.31235,0.89225,0.92861,0.70961,0.78272,0.93579,0.90554,0.68882,0.73935,1.5164,2.7414,0.64627,1,0.9902,0.59739,0.4156,0.016637,1.2407,0.66277,0.99843,0.39205,0.169,0.26121
2,5,3,1,0.78745,0.74612,1.5115,1.5555,0.419,0.623,1.0755,0.8825,0.29359,0.40542,3.521,3.4214,3.0154,0.88733,0.046233,0.098462,0.33031,0.33031,0.7681,0.74196,0.37258,0.29738,0.86333,0.83229,0.68009,0.74492,0.89381,0.77921,0.65738,0.67655,1.6557,1.5708,0.58359,1,0.99925,0.58476,0.45586,0.031551,1.1906,0.59184,1.02,0.40042,0.268,0.35461
2,5,3,1,0.75752,0.80693,1.316,1.312,0.3835,0.5315,0.911,0.785,0.30017,0.40302,4.044,4.0563,4.1268,1.4285,0.052007,0.07715,0.37692,0.37692,0.70885,0.78821,0.36219,0.24593,0.87813,0.86357,0.68747,0.76014,0.87696,0.83749,0.66846,0.73441,1.4819,1.5708,0.7775,1,0.99406,0.60789,0.35977,0.020631,1.2239,0.53646,1.0577,0.31173,0.2025,0.30775
2,5,3,2,0.75589,0.82636,1.689,0.78,0.585,0.313,1.139,0.46,0.32809,0.40027,3.1509,5.1282,3.2297,0.361,0.14198,0.30379,0.2917,0.63413,0.72171,0.82853,0.38121,0.2451,0.7883,0.85316,0.62068,0.78059,0.89087,0.88725,0.66437,0.80028,2.0148,1.2528,0.063189,2.1739,0.99242,1.1165,2.6498,0.98209,1.1652,1.0879,0.93301,-15.293,5e-06,1.2821e-05
2,5,3,2,0.74706,0.80287,1.3485,0.575,0.447,0.281,0.895,0.3015,0.33939,0.47539,3.9466,6.9565,4.209,-0.88853,0.094468,1,0.37435,0.89518,0.78574,0.8066,0.34701,0.16871,0.79802,0.82853,0.67653,0.79562,0.94458,0.80159,0.68674,0.79248,1.5708,0.9864,0.031939,2.5,0.36999,0.39816,-0.33397,0.97588,1.1846,1.1047,0.94004,-0.42865,-2.2e-05,-7.6522e-05
2,5,3,2,0.68796,0.78382,1.5385,0.599,0.4755,0.282,1.066,0.317,0.32158,0.47156,3.4592,6.6778,3.7339,0.43973,0.08418,0.71233,0.313,0.8138,0.72963,0.79851,0.4108,0.20274,0.79567,0.82156,0.63592,0.80059,0.9109,0.83004,0.68205,0.77616,1.8905,1.2406,0.043462,2.5,0.82128,0.92643,-2.9961,0.91574,1.1694,1.0695,0.95096,-0.58211,-5e-06,-1.6694e-05
2,5,3,3,0.74028,0.83331,1.3785,0.461,0.4945,0.223,0.9085,0.237,0.35271,0.48696,3.8607,5.6387,4.3591,-1.9913,0.10579,1,0.36798,1.0615,0.76772,0.8191,0.31199,0.17525,0.83545,0.81939,0.69013,0.83028,0.87551,0.83111,0.71853,0.8058,1.6611,0.87628,0.078394,3,0.6494,0.61794,2.3402,0.58498,1.1946,1.0873,0.9196,0.20636,9e-06,3.9046e-05
2,5,3,3,0.79277,0.82829,1.374,0.481,0.388,0.2345,0.934,0.2495,0.28949,0.4884,3.8733,5.4043,4.2837,-1.4169,0.078493,1,0.38422,1.0886,0.80175,0.83255,0.38127,0.16908,0.8528,0.80312,0.71084,0.85086,0.93653,0.85752,0.71746,0.79058,3.1416,0.90871,0.044707,2.8333,0.75135,0.70289,-1.3671,0.97737,1.2024,1.1373,0.92302,-5.3752,0,0
2,5,3,3,0.83662,0.85366,1.2655,0.415,0.4025,0.211,0.8415,0.206,0.32598,0.5045,4.2054,6.2638,4.5243,-2.2702,0.075527,1,0.38147,1.2207,0.81625,0.85585,0.34835,0.14794,0.91344,0.81673,0.73729,0.87757,0.93356,0.86156,0.72971,0.80081,3.1416,0.8526,0.042376,3.2,0.48615,0.40521,2.8416,0.96591,1.226,1.1756,0.94169,-1.4672,2.5e-06,1.2048e-05
2,7,1,1,0.81839,0.7326,2.149,2.183,0.803,0.821,1.3735,1.319,0.36514,0.38796,2.4765,2.438,2.2991,0.79947,0.11308,0.2109,0.21391,0.21391,0.73435,0.74308,0.38267,0.3508,0.9324,0.86475,0.65831,0.72744,0.85879,0.76994,0.69311,0.66272,1.7137,2.9552,0.71815,1,0.99659,0.37975,-0.02221,0.0082043,1.2259,0.32341,1.1255,-0.0062991,0.0035,0.0032573
2,7,1,1,0.71886,0.71652,2.0435,2.0525,0.6505,0.7775,1.389,1.2735,0.33956,0.39079,2.6043,2.593,2.6754,0.6006,0.085618,0.1802,0.24651,0.24651,0.67323,0.7193,0.39209,0.34617,0.90467,0.87113,0.69182,0.67561,0.78851,0.80142,0.59434,0.6426,2.2888,3.1416,0.71325,1,0.99989,0.46068,-0.0085815,0.0074917,1.2152,0.32158,1.1209,0.0071975,0.0285,0.027893
2,7,1,1,0.7405,0.79563,1.9405,1.909,0.643,0.7495,1.2385,1.1615,0.33773,0.39051,2.7426,2.7878,2.746,0.64471,0.070095,0.11698,0.26117,0.26117,0.68677,0.78044,0.37449,0.30896,0.88723,0.89316,0.67625,0.75552,0.77033,0.82386,0.60646,0.69314,3.1179,3.0237,0.74358,1,0.99987,0.49228,-0.022509,0.0081358,1.2234,0.30349,1.1326,-0.012363,0.0395,0.040711
2,7,1,2,0.78426,0.79722,1.76,1.7345,0.5705,0.659,1.122,1.0425,0.34326,0.38765,3.0238,2.3061,3.0419,0.33218,0.063282,0.11994,0.29871,0.29871,0.72021,0.78026,0.35372,0.29838,0.92564,0.87329,0.71776,0.73184,0.80346,0.86779,0.63797,0.69865,3.1416,3.1416,0.73763,1,0.99936,0.53713,0.0074497,0.010553,1.2131,0.36004,1.0896,0.019015,0.0295,0.033523
2,7,1,2,0.69682,0.74675,1.8155,1.783,0.592,0.632,1.221,1.1655,0.32995,0.35441,2.9316,2.2435,2.8953,0.47639,0.065672,0.09925,0.25699,0.25699,0.69635,0.75502,0.39131,0.32905,0.91276,0.87309,0.64147,0.72289,0.77251,0.80305,0.59568,0.6525,3.1416,2.1902,0.73357,1,0.99966,0.48052,0.0053494,0.0089308,1.1943,0.34779,1.0709,0.013169,0.032,0.035252
2,7,1,2,0.69933,0.76616,1.978,1.965,0.638,0.743,1.37,1.201,0.32936,0.38449,2.6906,2.0356,2.6601,0.11378,0.083709,0.14035,0.22786,0.22786,0.64697,0.74371,0.41646,0.33321,0.88085,0.88953,0.65044,0.72169,0.75244,0.83069,0.59644,0.652,2.2933,3.1416,0.70534,1,0.99984,0.43437,-0.012515,0.027113,1.1838,0.34845,1.0655,0.0067345,0.043,0.043478
2,7,1,3,0.7512,0.72582,1.45,1.445,0.429,0.491,0.974,0.891,0.3096,0.36608,3.6703,1.7989,3.601,-0.63595,0.049152,0.064348,0.36439,0.36439,0.75673,0.71314,0.35654,0.27769,0.93886,0.85269,0.7154,0.67927,0.80232,0.73054,0.60566,0.66921,1.678,1.5708,0.67596,1,0.98625,0.72041,0.016447,0.012547,1.1365,0.43022,0.99045,0.039929,0.045,0.062069
2,7,1,3,0.80392,0.84231,1.386,1.36,0.451,0.5165,0.9295,0.83,0.33933,0.38578,3.8398,1.9114,3.7266,-0.37494,0.068853,0.070194,0.36439,0.36439,0.76265,0.80931,0.32747,0.28086,0.94821,0.89593,0.71608,0.72664,0.83527,0.8095,0.69007,0.76643,3.1064,1.5708,0.76256,1,0.99095,0.71028,0.026152,0.0085809,1.1768,0.48424,1.001,0.039264,0.04,0.05772
2,7,1,3,0.71865,0.73792,1.536,1.552,0.4645,0.555,1.0945,0.974,0.29805,0.36939,3.4648,1.6749,3.3088,-0.11055,0.046072,0.088021,0.32552,0.32552,0.70852,0.73051,0.35165,0.28627,0.90158,0.87747,0.6728,0.72412,0.79072,0.77347,0.60015,0.66734,3.1416,2.3906,0.74626,1,0.99883,0.61094,-0.007084,0.0063597,1.1552,0.43726,1.0038,0.01412,0.0455,0.059245
2,7,2,1,0.79614,0.84795,1.441,1.4955,0.5505,0.5845,0.9275,0.8635,0.37164,0.39888,3.6934,3.5586,3.7436,0.96182,0.069947,0.17496,0.34555,0.34555,0.8011,0.82662,0.31395,0.29646,0.91785,0.89157,0.7308,0.81163,0.85058,0.89352,0.733,0.76473,2.2893,2.4562,0.72772,1,0.99945,0.60402,0.0015926,0.0024806,1.273,0.36165,1.1646,0.0029586,0.024,0.03331
2,7,2,1,0.82359,0.8379,1.5415,1.579,0.549,0.543,0.9815,0.9555,0.34832,0.40047,3.4524,3.3705,3.7671,0.8686,0.055086,0.13437,0.31707,0.31707,0.79369,0.83429,0.29718,0.31334,0.95029,0.92435,0.72517,0.79888,0.82004,0.88316,0.71271,0.74612,2.0071,1.8991,0.73543,1,0.9997,0.587,0.0056573,0.0039278,1.2684,0.32505,1.1618,0.0083494,0.023,0.029841
2,7,2,1,0.7934,0.7836,1.561,1.543,0.528,0.583,1.025,0.946,0.33999,0.38738,3.4093,3.4491,3.5791,0.81711,0.042121,0.10688,0.32552,0.32552,0.74654,0.80008,0.33165,0.34064,0.9141,0.89268,0.73963,0.77497,0.81119,0.87012,0.6643,0.72829,1.5708,3.1416,0.772,1,0.99855,0.56355,0.056432,0.0043895,1.2476,0.36788,1.1383,0.043333,0.034,0.043562
2,7,2,2,0.87496,0.87413,1.2355,1.215,0.49,0.519,0.7485,0.7075,0.39637,0.41608,4.3075,3.2922,2.7839,0.61872,0.14909,0.22324,0.40303,0.40303,0.84742,0.84468,0.32475,0.26212,0.92795,0.92102,0.77599,0.80727,0.89046,0.88044,0.81114,0.79479,3.1416,2.0016,0.7425,1,0.9882,0.62283,0.05653,0.032676,1.255,0.58469,1.0384,0.048039,0.022,0.035613
2,7,2,2,0.82654,0.82135,1.3895,1.3985,0.46,0.5565,0.917,0.8525,0.33268,0.3943,3.8301,2.8602,4.0775,0.42991,0.08398,0.11418,0.34877,0.34877,0.80024,0.8047,0.33288,0.28685,0.94605,0.9316,0.74354,0.79166,0.85791,0.84063,0.70237,0.7234,1.9091,1.5708,0.82113,1,0.99985,0.6153,0.07269,0.0028664,1.2457,0.46031,1.0824,0.068483,0.066,0.094998
2,7,2,2,0.86424,0.87475,1.3775,1.3765,0.4765,0.541,0.9085,0.84,0.34393,0.3942,3.8635,2.906,4.0013,0.48801,0.077911,0.13887,0.35383,0.35383,0.82646,0.84176,0.35244,0.28053,0.95828,0.94584,0.75696,0.82384,0.87496,0.87062,0.75421,0.7815,2.2567,1.722,0.80907,1,0.99992,0.62499,0.051952,0.0024481,1.2576,0.47982,1.0905,0.049917,0.04,0.058076
2,7,2,3,0.71618,0.87096,2.048,0.468,0.8265,0.232,1.189,0.232,0.41804,0.5,2.5986,5.5544,2.6844,-1.4711,0.19432,1,0.23438,1.0645,0.72194,0.82948,0.28342,0.1698,0.78962,0.83803,0.65931,0.85436,0.82135,0.80316,0.68531,0.80551,1.6868,0.96497,0.034553,4.5,0.52792,0.4979,0.15858,0.99622,1.1826,1.1347,0.93074,-0.88955,-5e-06,-2.1368e-05
2,7,2,3,0.79093,0.82535,2.047,0.442,0.814,0.2215,1.219,0.219,0.3891,0.5,2.5999,5.8811,2.6035,-1.0694,0.14459,1,0.23872,1.1393,0.73945,0.76608,0.35434,0.19446,0.88972,0.79017,0.64982,0.78361,0.82441,0.73228,0.6986,0.74315,2.3605,1.5708,0.052094,5,0.08145,0.072049,-2.7876,0.99297,1.1216,1.0656,0.88811,-0.47033,1e-05,4.5249e-05
2,7,2,3,0.66978,0.8644,1.8845,0.458,0.687,0.231,1.171,0.224,0.36365,0.50505,2.8241,5.6757,2.8498,-1.385,0.13743,1,0.26252,1.0921,0.70378,0.83472,0.36578,0.1732,0.78247,0.84425,0.5944,0.8491,0.76476,0.80734,0.64866,0.83348,3.1416,1.5708,0.037876,3.5,0.022112,0.020534,-2.7019,0.97076,1.1712,1.0869,0.92548,-0.50633,1.45e-05,6.3319e-05
2,7,3,1,0.80318,0.83272,1.677,1.5785,0.6485,0.641,1.0325,0.967,0.38963,0.40217,3.1735,3.3716,3.4121,1.0665,0.062382,0.14019,0.28935,0.28935,0.76144,0.80392,0.32201,0.30293,0.89636,0.90364,0.74523,0.75457,0.852,0.89971,0.67783,0.75368,2.6418,3.1272,0.69951,1,0.9982,0.50752,-0.005011,0.0030957,1.2706,0.26222,1.2037,-0.0080602,0.0125,0.014908
2,7,3,1,0.82654,0.87428,1.636,1.6395,0.6025,0.625,1.053,0.977,0.37841,0.399,3.2533,3.2461,3.5853,1.0436,0.050166,0.098604,0.29839,0.29839,0.80265,0.8346,0.31219,0.28867,0.93329,0.90529,0.77597,0.76372,0.86717,0.92694,0.71977,0.7771,2.9058,2.8973,0.68643,1,0.99877,0.52711,0.0010659,0.0055286,1.2926,0.26005,1.2176,0.0022305,0.0185,0.022616
2,7,3,1,0.80686,0.84713,1.469,1.459,0.561,0.526,0.916,0.907,0.38316,0.38,3.6228,3.6477,3.8279,1.0167,0.051477,0.045904,0.32066,0.32066,0.837,0.8198,0.32828,0.28835,0.93881,0.89505,0.75831,0.75295,0.86356,0.92995,0.71499,0.76956,2.0102,2.2888,0.71965,1,0.99933,0.56476,0.010058,0.0038149,1.275,0.22669,1.2032,0.0047062,0.02,0.027229
2,7,3,2,0.39477,0.76585,1.943,0.732,0.689,0.331,1.252,0.3935,0.36627,0.45336,2.739,5.4645,2.892,0.14162,0.11565,1,0.24414,0.66873,0.57797,0.78754,0.65777,0.20963,0.6069,0.80806,0.50744,0.7444,0.62232,0.82819,0.54871,0.79934,2.1003,1.7148,0.055284,2.7391,0.83421,1.067,0.98215,0.9889,1.1383,0.95789,0.95194,-10.217,-1.5e-05,-4.0984e-05
2,7,3,2,0.49488,0.85263,1.9245,0.728,0.689,0.334,1.3115,0.39,0.34944,0.46254,2.7656,5.4945,3.0495,0.3477,0.098707,1,0.22919,0.69754,0.59075,0.84115,0.55877,0.20399,0.6648,0.86376,0.49581,0.83301,0.68559,0.86645,0.59027,0.80475,2.2221,1.2513,0.054933,3,0.80259,1.0257,0.48565,0.89412,1.168,1.052,0.95336,-0.36424,4.5e-06,1.2363e-05
2,7,3,2,0.50646,0.85601,2.009,0.69,0.751,0.323,1.291,0.366,0.37192,0.46667,2.649,5.7971,2.8731,0.17986,0.13102,1,0.24127,0.68934,0.62519,0.84369,0.50916,0.19751,0.68247,0.85088,0.54622,0.81919,0.70887,0.86639,0.59093,0.84861,1.5708,1.0055,0.049706,3,0.75823,0.98142,2.2729,0.85575,1.1629,1.0169,0.9358,-0.43601,1.8e-05,5.2174e-05
2,7,3,3,0.74423,0.7973,1.864,0.467,0.635,0.232,1.202,0.236,0.34845,0.49893,2.8551,5.5663,3.19,-1.9802,0.093532,1,0.27391,1.0837,0.72752,0.78426,0.35462,0.15154,0.85553,0.77957,0.63745,0.80021,0.85987,0.76677,0.65901,0.76119,3.1416,1.0302,0.062622,3.5,0.11106,0.1048,0.92572,0.98569,1.1722,1.1104,0.94513,-1.2278,2.5e-05,0.00010707
2,7,3,3,0.78866,0.85813,1.8245,0.464,0.688,0.231,1.138,0.2325,0.37492,0.4984,2.9169,5.6023,3.0549,-1.2714,0.080438,1,0.27127,1.0742,0.75966,0.83392,0.34519,0.15752,0.86731,0.85718,0.70044,0.85704,0.9123,0.79601,0.68171,0.80852,3.1416,1.0386,0.03677,3.5,0.1292,0.12185,2.3672,0.99742,1.1891,1.1388,0.9331,-1.7121,-1.85e-05,-7.9741e-05
2,7,3,3,0.68421,0.83522,1.644,0.457,0.5355,0.23,1.104,0.227,0.32747,0.50053,3.2372,5.6881,3.6586,-1.2458,0.06136,1,0.2917,1.1034,0.68891,0.80289,0.39808,0.13369,0.81914,0.81814,0.61665,0.82007,0.83372,0.78696,0.63285,0.79647,3.1416,0.88355,0.044047,3.7826,0.54363,0.49947,-0.59675,0.9876,1.1739,1.0826,0.93747,-11.189,-2.2e-05,-9.628e-05
2,10,1,1,0.80498,0.78797,2.0845,2.125,0.7485,0.682,1.3365,1.445,0.37179,0.32722,2.5531,2.5046,1.6145,-0.72578,0.086547,0.090806,0.24634,0.24634,0.75065,0.74839,0.35988,0.40773,0.87256,0.90649,0.68613,0.65474,0.8634,0.88855,0.6831,0.64326,3.1416,3.1416,0.71724,1,0.9995,0.4718,-0.015144,0.0058497,1.2386,0.39513,1.0741,-0.008135,-0.0565,-0.05421
2,10,1,1,0.71252,0.75303,2.4545,2.5105,0.9345,0.8,1.6005,1.702,0.35801,0.32108,2.1682,2.1199,2.1987,0.69271,0.13818,0.12399,0.19531,0.19531,0.74864,0.76257,0.39734,0.40845,0.8763,0.93515,0.62956,0.66157,0.76952,0.79656,0.67064,0.64242,3.1416,3.1416,0.72068,1,0.99986,0.37803,0.023654,0.0063622,1.2318,0.38989,1.1033,0.017055,-0.054,-0.044001
2,10,1,1,0.78798,0.7508,2.3755,2.39,0.8135,0.77,1.546,1.6185,0.34718,0.33426,2.2403,2.2268,2.1714,0.49335,0.083934,0.13571,0.21612,0.21612,0.68559,0.68948,0.39138,0.41299,0.90969,0.86729,0.65849,0.64973,0.81573,0.79959,0.63029,0.59697,3.1416,3.1416,0.71769,1,0.99973,0.41371,0.0046449,0.0051415,1.1964,0.39646,1.0383,0.0025643,-0.055,-0.046306
2,10,1,2,0.80475,0.80666,1.51,1.489,0.613,0.551,0.898,0.937,0.40692,0.36438,3.5245,2.6864,3.4481,0.18392,0.10592,0.073409,0.33524,0.33524,0.83362,0.80606,0.27917,0.27904,0.94538,0.91721,0.81695,0.7674,0.83052,0.8674,0.76314,0.72876,1.9145,1.5708,0.73971,1,0.98808,0.67888,0.014085,0.0035508,1.2509,0.51,1.0965,0.010276,-0.006,-0.007947
2,10,1,2,0.76562,0.86864,2.102,2.1205,0.7455,0.7185,1.344,1.387,0.3592,0.34571,2.5318,1.8864,2.556,0.16328,0.095721,0.09215,0.23609,0.23609,0.75461,0.80702,0.40594,0.32296,0.85216,0.8689,0.69754,0.73516,0.85674,0.93512,0.63973,0.69427,1.5708,3.1416,0.74406,1,0.99709,0.47792,0.014139,0.0082904,1.2337,0.48447,1.0361,0.014117,-0.027,-0.02569
2,10,1,2,0.65071,0.6323,2.2685,2.212,0.756,0.721,1.4695,1.494,0.33902,0.32127,2.3461,1.8083,2.2726,0.16707,0.10157,0.093664,0.21115,0.21115,0.71105,0.71095,0.45081,0.43684,0.85482,0.8015,0.61154,0.59657,0.76756,0.74781,0.59018,0.61312,2.3081,3.1416,0.73052,1,0.99989,0.40707,-0.021776,0.0048189,1.1707,0.36206,1.0465,-0.0076724,-0.0075,-0.0066123
2,10,1,3,0.65002,0.64219,1.719,1.743,0.681,0.628,0.99,1.151,0.40397,0.36441,3.0959,1.4914,2.8668,-0.4907,0.098876,0.0696,0.29839,0.29839,0.70968,0.66531,0.3245,0.29749,0.85998,0.84337,0.71758,0.6801,0.71287,0.66648,0.60467,0.61913,1.5708,3.1416,0.72821,1,0.99018,0.61263,0.02205,0.0044361,1.1294,0.38696,1.022,0.014286,-0.026,-0.03025
2,10,1,3,0.65505,0.74262,2.0625,2.1405,0.77,0.758,1.2595,1.3775,0.3851,0.37479,2.5805,1.2144,2.521,-0.15474,0.13412,0.086943,0.24414,0.24414,0.67458,0.71912,0.38232,0.28226,0.82491,0.8525,0.60404,0.66263,0.75018,0.7597,0.61637,0.64858,3.1416,1.9271,0.75014,1,0.99539,0.49985,0.035771,0.0067916,1.1579,0.39075,1.0346,0.026794,0.0165,0.016
2,10,1,3,0.81533,0.84132,1.9265,1.921,0.7145,0.69,1.183,1.236,0.38678,0.36214,2.7626,1.3532,2.749,-0.35657,0.095514,0.091429,0.27574,0.27574,0.77399,0.78545,0.32366,0.28032,0.91415,0.86404,0.73773,0.70135,0.8421,0.86714,0.68896,0.75683,3.1416,2.3579,0.73076,1,0.98312,0.59641,-0.0012036,0.014985,1.2028,0.56899,1.0089,0.019004,-0.0455,-0.047236
2,10,2,1,0.73995,0.73548,1.7665,1.7145,0.5705,0.556,1.1705,1.173,0.35122,0.33,3.0127,3.1041,3.4131,1.0041,0.041652,0.060054,0.29871,0.29871,0.72987,0.75236,0.36734,0.37817,0.91677,0.9395,0.70915,0.63621,0.8031,0.79027,0.60403,0.60505,3.1416,2.4376,0.70984,1,0.99808,0.57722,-0.0062076,0.0021443,1.2729,0.16514,1.2228,-0.0057633,-0.031,-0.035098
2,10,2,1,0.79542,0.71087,2.031,2.068,0.6845,0.689,1.3225,1.319,0.35328,0.3441,2.6203,2.5735,3.0882,0.68509,0.063984,0.060353,0.25276,0.25276,0.73918,0.72847,0.36297,0.37966,0.9688,0.91915,0.7427,0.67901,0.78538,0.76358,0.62374,0.57143,2.8057,3.1416,0.73157,1,0.9981,0.50123,-0.0017677,0.0037084,1.2684,0.17942,1.2056,-0.0010661,-0.0335,-0.032989
2,10,2,1,0.72369,0.66391,2.04,2.029,0.752,0.6625,1.29,1.3725,0.37983,0.31308,2.6089,2.6229,2.8108,0.87157,0.049289,0.046919,0.23205,0.23205,0.72953,0.73073,0.34811,0.43438,0.91013,0.89302,0.68712,0.59047,0.82203,0.71311,0.63838,0.5837,2.1313,1.808,0.7365,1,0.99826,0.46276,-0.02828,0.0035418,1.2702,0.1655,1.225,-0.018511,0.012,0.011765
2,10,2,2,0.74577,0.67991,1.8245,1.6565,0.5875,0.5835,1.19,1.124,0.33668,0.3415,2.9169,2.415,3.1484,0.24084,0.063096,0.045411,0.26334,0.26334,0.71137,0.65114,0.36331,0.34603,0.87766,0.85188,0.71174,0.65627,0.80303,0.69224,0.60323,0.55332,2.6127,1.5708,0.7377,1,0.99881,0.51187,0.032914,0.0058593,1.2227,0.1944,1.1642,0.017771,0.008,0.0087695
2,10,2,2,0.76848,0.69856,1.7585,1.7665,0.6365,0.5715,1.087,1.1755,0.37841,0.34226,3.0265,2.2644,3.2344,0.14771,0.070834,0.046607,0.26334,0.26334,0.74181,0.6773,0.34202,0.35106,0.8979,0.89044,0.71512,0.71098,0.80143,0.765,0.64853,0.56762,3.1416,1.8566,0.70636,1,0.99454,0.5384,0.0082243,0.0037611,1.2289,0.22354,1.1674,0.0036668,-0.005,-0.0056867
2,10,2,2,0.73715,0.77699,1.731,1.739,0.618,0.568,1.105,1.1765,0.3529,0.33164,3.0745,2.3002,3.6338,0.19173,0.059802,0.042011,0.27344,0.27344,0.71563,0.71267,0.41302,0.38714,0.89085,0.9236,0.69517,0.72544,0.76081,0.74537,0.5965,0.57234,2.1376,2.3136,0.71621,1,0.99617,0.54767,0.0047395,0.0038915,1.2449,0.21432,1.1794,0.0032313,-0.0255,-0.029463
2,10,2,3,0.80713,0.70897,1.8275,1.7935,0.5985,0.5605,1.255,1.207,0.34589,0.32788,2.9121,1.4495,2.9403,-0.13632,0.061699,0.04461,0.27127,0.27127,0.72577,0.65901,0.39725,0.31322,0.88559,0.868,0.70264,0.70218,0.82689,0.72936,0.60057,0.55943,3.1416,1.5708,0.752,1,0.99556,0.54729,0.048286,0.0052015,1.1638,0.23625,1.0821,0.033704,0.0195,0.021341
2,10,2,3,0.87324,0.80752,1.551,1.513,0.553,0.449,0.98,1.063,0.36208,0.33318,3.4313,1.7181,3.8563,0.22328,0.058117,0.037366,0.32043,0.32043,0.79775,0.76025,0.36887,0.34695,0.95303,0.95604,0.76614,0.77023,0.92424,0.86,0.67981,0.63363,3.0113,1.5708,0.7153,1,0.99647,0.62107,0.0092031,0.0034422,1.2814,0.29388,1.181,0.0099204,0,0
2,10,2,3,0.79687,0.71989,1.6485,1.622,0.582,0.518,1.017,1.0925,0.35934,0.30935,3.2283,1.6026,3.8093,-0.047003,0.060447,0.03436,0.30518,0.30518,0.79473,0.73266,0.33862,0.31872,0.94294,0.90141,0.7527,0.63219,0.86875,0.74017,0.66558,0.62523,1.6633,1.6636,0.72273,1,0.98355,0.64584,0.0021358,0.0024675,1.247,0.26005,1.1791,0.00055091,-0.0385,-0.046709
2,10,3,1,0.70064,0.76787,1.348,1.387,0.411,0.377,0.915,1.007,0.32057,0.27406,3.948,3.837,4.4183,1.3023,0.043302,0.035626,0.36821,0.36821,0.675,0.63404,0.40181,0.45732,0.83232,0.9631,0.64265,0.61419,0.83883,0.79332,0.58909,0.56464,3.0803,2.6304,0.71459,1,0.99769,0.68214,-0.014891,0.0055509,1.2699,0.13569,1.228,-0.011452,0,0
2,10,3,1,0.79628,0.74931,1.5665,1.5475,0.5195,0.43,1.0305,1.1135,0.3356,0.2792,3.3978,3.4392,3.7503,1.1646,0.043401,0.034364,0.30839,0.30839,0.69343,0.66926,0.37507,0.50285,0.91055,0.95502,0.66485,0.55102,0.89765,0.79334,0.60523,0.56831,3.1416,2.7775,0.73153,1,0.99533,0.60835,-0.029443,0.0050605,1.2475,0.12427,1.2047,-0.019472,0.0215,0.02745
2,10,3,1,0.83902,0.79314,1.5175,1.5315,0.448,0.4125,1.0385,1.1205,0.29397,0.26422,3.5071,3.475,3.8128,1.1109,0.036498,0.028198,0.32552,0.32552,0.69601,0.69496,0.39535,0.49128,0.93178,0.99411,0.68147,0.60993,0.94103,0.83852,0.60844,0.56432,2.6894,2.931,0.77263,1,0.99547,0.63467,-0.057013,0.0051898,1.2736,0.13392,1.2272,-0.030513,0.0435,0.057331
2,10,3,2,0.81076,0.7949,1.414,1.367,0.4275,0.35,0.9615,1.024,0.30832,0.26085,3.7641,2.9261,4.1437,0.95341,0.035949,0.025356,0.35903,0.35903,0.73303,0.67329,0.42001,0.46052,0.92459,0.99275,0.67994,0.623,0.91662,0.85259,0.63721,0.57555,3.1416,3.1416,0.73806,1,0.99787,0.66826,-0.023004,0.0036821,1.2627,0.13476,1.2132,-0.015731,0.003,0.0042433
2,10,3,2,0.84554,0.78241,1.33,1.3585,0.427,0.353,0.936,1.0175,0.31129,0.2499,4.0016,2.9445,4.5693,0.53531,0.040348,0.028567,0.35903,0.35903,0.70658,0.65474,0.40246,0.43902,0.95065,0.97065,0.66948,0.61197,0.95001,0.83543,0.65656,0.59869,3.0152,1.5708,0.72501,1,0.98869,0.7108,-0.020227,0.0035053,1.2653,0.14617,1.217,-0.007927,-0.019,-0.028571
2,10,3,2,0.83638,0.81941,1.467,1.427,0.415,0.419,1.039,1.0245,0.28402,0.29085,3.6278,2.8031,4.031,0.56319,0.036812,0.03241,0.3418,0.3418,0.70127,0.66966,0.46128,0.38418,0.94744,0.92841,0.64237,0.59469,0.95661,0.91982,0.59119,0.6044,2.2313,2.6767,0.66513,1,0.99721,0.64841,-3.1254,0.0055502,1.2701,1.7512,1.218,-2.8253,0.011,0.014997
2,10,3,3,0.90517,0.77468,1.404,1.374,0.403,0.347,0.976,1.022,0.30492,0.25293,3.7905,1.8919,4.4521,-0.035403,0.033062,0.031505,0.36821,0.36821,0.75202,0.66291,0.37873,0.4023,1.0073,0.96887,0.73251,0.59429,0.95564,0.80494,0.65029,0.59002,2.5003,1.5708,0.73141,1,0.97947,0.75016,-0.0084423,0.0024827,1.2319,0.18026,1.1791,-0.0020798,-0.004,-0.005698
2,10,3,3,0.81429,0.75693,1.2145,1.252,0.3195,0.353,0.909,0.912,0.24985,0.27839,4.3821,2.0762,4.9415,0.007793,0.024006,0.029463,0.40023,0.40023,0.73997,0.69489,0.45253,0.4253,0.92135,0.8611,0.64258,0.56875,0.94977,0.88698,0.59182,0.61694,1.9727,1.4251,0.5544,1,0.99335,0.74758,-3.1205,0.0057475,1.2361,1.6845,1.1607,-2.8736,0.008,0.013174
2,10,3,3,0.80442,0.78508,1.2915,1.282,0.311,0.329,0.95,0.959,0.23641,0.24701,4.1207,2.0277,4.5572,-0.19979,0.031026,0.024189,0.38752,0.38752,0.78611,0.65973,0.43523,0.35696,0.92425,0.83853,0.6364,0.57316,0.94004,0.8973,0.59462,0.57459,1.9693,1.5708,0.58632,1,0.97921,0.77608,-3.1032,0.0080996,1.2032,1.6394,1.1275,-2.8776,0.007,0.01084
